,artist_name,track_name,track_id,popularity
0,Juice WRLD,Wishing Well,6o3QUC5oAE4g6WxRIFcZtb,93
1,The Weeknd,Blinding Lights,0VjIjW4GlUZAMYd2vXMi3b,99
2,Juice WRLD,Come & Go (with Marshmello),7y7w4tl4MaRC2UMEj1mPtr,92
3,StaySolidRocky,Party Girl,5RqR4ZCCKJDcBLIn4sih9l,94
4,Juice WRLD,Conversations,2fZTS0VboxRpF0FdfY7E5P,89
5,Juice WRLD,Hate The Other Side (with Marshmello & The Kid Laroi),66FgjA5ZQJJuypFG1bc8se,89
6,THE SCOTTS,THE SCOTTS,39Yp9wwQiSRIDOvrVg7mbk,92
7,Taylor Swift,cardigan,4R2kfaDFhslZEMJqAFNpdd,90
8,Lil Baby,We Paid (feat. 42 Dugg),6gxKUmycQX7uyMwJcweFjp,87
9,Lil Mosey,Blueberry Faygo,6wJYhPfqk3KGhHRG76WzOh,90
10,Taylor Swift,the 1,0Jlcvv8IykzHaSmj49uNW8,88
11,Taylor Swift,exile (feat. Bon Iver),4pvb0WLRcMtbPGmtejJJ6y,89
12,Pop Smoke,For The Night (feat. Lil Baby & DaBaby),0PvFJmanyNQMseIFrU708S,89
13,Powfu,death bed (coffee for your head),7eJMfftS33KTjuF7lTsMCx,95
14,Rod Wave,Rags2Riches (feat. ATR Son Son),1ENdcyhqdylaLsPVgB83qq,87
15,Don Toliver,After Party,527k23H0A4Q0UJN3vGs0Da,89
16,Megan Thee Stallion,Savage Remix (feat. Beyoncé),5v4GgrXPMghOnBBLmveLac,90
17,Juice WRLD,Life's A Mess (feat. Halsey),4h5N4KyWZMtpeH9vhXSXjd,88
18,Pop Smoke,The Woo (feat. 50 Cent & Roddy Ricch),1H7KnK26kc1YyellpbINEn,90
19,Juice WRLD,Righteous,615vw74T1NebV8pKoutm2J,87
20,Juice WRLD,Blood On My Jeans,3MmCFghNjzZMn3HKqbVizn,86
21,Taylor Swift,the last great american dynasty,2Eeur20xVqfUoM3Q7EFPFt,87
22,Lil Baby,The Bigger Picture,44gRhRi2OhEf7moAUj6MD1,86
23,Taylor Swift,my tears ricochet,1MgV7FIyNxIG7WzMRJV5HC,86
24,Drake,Chicago Freestyle (feat. Giveon),4wVOKKEHUJxHCFFNUWDn0B,88
25,Taylor Swift,august,3hUxzQpSfdDqwM3ZTFQY0K,86
26,Polo G,Flex (feat. Juice WRLD),2QqJTIlGKRLJC3onkavYEz,86
27,Gunna,DOLLAZ ON MY HEAD (feat. Young Thug),3nS9a01VvXHQriLqJYwRqG,86
28,Chris Brown,Go Crazy,1IIKrJVP1C9N7iPtG6eOsK,89
29,The Kid LAROI,GO (feat. Juice WRLD),2t7D3y0jvYjR8IP9Bosyew,87
30,Drake,Toosie Slide,127QTOFJsJQp5LbJbu3A1y,92
31,Taylor Swift,mirrorball,0ZNU020wNYvgW84iljPkPP,85
32,Juice WRLD,Titanic,1QoG0Yqz1onMsdbOibZVke,85
33,Taylor Swift,seven,6KJqZcs9XDgVck7Lg9QOTC,85
34,DJ Khaled,POPSTAR (feat. Drake),6EDO9iiTtwNv6waLwa1UUq,90
35,Taylor Swift,invisible string,6VsvKPJ4xjVNKpI8VVZ3SV,85
36,Juice WRLD,Bad Energy,0JoWBcL61YWLXM5vW0YTHO,85
37,Juice WRLD,Stay High,1AnkdcHl86kEhDvhaKDuIe,85
38,Taylor Swift,this is me trying,7kt9e9LFSpN1zQtYEl19o1,85
39,Ariana Grande,Stuck with U (with Justin Bieber),4HBZA5flZLE435QTztThqH,93
40,Taylor Swift,illicit affairs,2NmsngXHeC1GQ9wWrzhOMf,85
41,Juice WRLD,Up Up And Away,5lcIegmdblnWqT9nS9EhZj,85
42,Taylor Swift,betty,5kI4eCXXzyuIUXjQra0Cxi,84
43,Lady Gaga,Rain On Me (with Ariana Grande),24ySl2hOPGCDcxBxFIqWBu,92
44,Polo G,21,3JKgcAa7r07ocVWcV8bS0H,85
45,Marshmello,Be Kind (with Halsey),3Z8FwOEN59mRMxDCtb8N0A,91
46,Taylor Swift,mad woman,2QDyYdZyhlP2fp79KZX8Bi,84
47,Juice WRLD,Man Of The Year,1uA914Md6wsy9NDryyBypH,84
48,Juice WRLD,Fighting Demons,0jo6Nd4iJU0UFHqS0Xd4l4,84
49,Juice WRLD,Tell Me U Luv Me (with Trippie Redd),7iIzwqG5UxPYwTYUUK4pzU,84
50,The Weeknd,Blinding Lights,0VjIjW4GlUZAMYd2vXMi3b,99
51,Juice WRLD,Come & Go (with Marshmello),7y7w4tl4MaRC2UMEj1mPtr,92
52,StaySolidRocky,Party Girl,5RqR4ZCCKJDcBLIn4sih9l,94
53,Juice WRLD,Conversations,2fZTS0VboxRpF0FdfY7E5P,89
54,Juice WRLD,Hate The Other Side (with Marshmello & The Kid Laroi),66FgjA5ZQJJuypFG1bc8se,89
55,THE SCOTTS,THE SCOTTS,39Yp9wwQiSRIDOvrVg7mbk,92
56,Taylor Swift,cardigan,4R2kfaDFhslZEMJqAFNpdd,90
57,Lil Baby,We Paid (feat. 42 Dugg),6gxKUmycQX7uyMwJcweFjp,87
58,Lil Mosey,Blueberry Faygo,6wJYhPfqk3KGhHRG76WzOh,90
59,Taylor Swift,the 1,0Jlcvv8IykzHaSmj49uNW8,88
60,Taylor Swift,exile (feat. Bon Iver),4pvb0WLRcMtbPGmtejJJ6y,89
61,Pop Smoke,For The Night (feat. Lil Baby & DaBaby),0PvFJmanyNQMseIFrU708S,89
62,Powfu,death bed (coffee for your head),7eJMfftS33KTjuF7lTsMCx,95
63,Rod Wave,Rags2Riches (feat. ATR Son Son),1ENdcyhqdylaLsPVgB83qq,87
64,Don Toliver,After Party,527k23H0A4Q0UJN3vGs0Da,89
65,Megan Thee Stallion,Savage Remix (feat. Beyoncé),5v4GgrXPMghOnBBLmveLac,90
66,Juice WRLD,Life's A Mess (feat. Halsey),4h5N4KyWZMtpeH9vhXSXjd,88
67,Pop Smoke,The Woo (feat. 50 Cent & Roddy Ricch),1H7KnK26kc1YyellpbINEn,90
68,Juice WRLD,Righteous,615vw74T1NebV8pKoutm2J,87
69,Juice WRLD,Blood On My Jeans,3MmCFghNjzZMn3HKqbVizn,86
70,Taylor Swift,the last great american dynasty,2Eeur20xVqfUoM3Q7EFPFt,87
71,Lil Baby,The Bigger Picture,44gRhRi2OhEf7moAUj6MD1,86
72,Taylor Swift,my tears ricochet,1MgV7FIyNxIG7WzMRJV5HC,86
73,Drake,Chicago Freestyle (feat. Giveon),4wVOKKEHUJxHCFFNUWDn0B,88
74,Taylor Swift,august,3hUxzQpSfdDqwM3ZTFQY0K,86
75,Polo G,Flex (feat. Juice WRLD),2QqJTIlGKRLJC3onkavYEz,86
76,Gunna,DOLLAZ ON MY HEAD (feat. Young Thug),3nS9a01VvXHQriLqJYwRqG,86
77,Chris Brown,Go Crazy,1IIKrJVP1C9N7iPtG6eOsK,89
78,The Kid LAROI,GO (feat. Juice WRLD),2t7D3y0jvYjR8IP9Bosyew,87
79,Drake,Toosie Slide,127QTOFJsJQp5LbJbu3A1y,92
80,Taylor Swift,mirrorball,0ZNU020wNYvgW84iljPkPP,85
81,Juice WRLD,Titanic,1QoG0Yqz1onMsdbOibZVke,85
82,Taylor Swift,seven,6KJqZcs9XDgVck7Lg9QOTC,85
83,DJ Khaled,POPSTAR (feat. Drake),6EDO9iiTtwNv6waLwa1UUq,90
84,Taylor Swift,invisible string,6VsvKPJ4xjVNKpI8VVZ3SV,85
85,Juice WRLD,Bad Energy,0JoWBcL61YWLXM5vW0YTHO,85
86,Juice WRLD,Stay High,1AnkdcHl86kEhDvhaKDuIe,85
87,Taylor Swift,this is me trying,7kt9e9LFSpN1zQtYEl19o1,85
88,Ariana Grande,Stuck with U (with Justin Bieber),4HBZA5flZLE435QTztThqH,93
89,Taylor Swift,illicit affairs,2NmsngXHeC1GQ9wWrzhOMf,85
90,Juice WRLD,Up Up And Away,5lcIegmdblnWqT9nS9EhZj,85
91,Taylor Swift,betty,5kI4eCXXzyuIUXjQra0Cxi,84
92,Lady Gaga,Rain On Me (with Ariana Grande),24ySl2hOPGCDcxBxFIqWBu,92
93,Polo G,21,3JKgcAa7r07ocVWcV8bS0H,85
94,Marshmello,Be Kind (with Halsey),3Z8FwOEN59mRMxDCtb8N0A,91
95,Taylor Swift,mad woman,2QDyYdZyhlP2fp79KZX8Bi,84
96,Juice WRLD,Man Of The Year,1uA914Md6wsy9NDryyBypH,84
97,Juice WRLD,Fighting Demons,0jo6Nd4iJU0UFHqS0Xd4l4,84
98,Juice WRLD,Tell Me U Luv Me (with Trippie Redd),7iIzwqG5UxPYwTYUUK4pzU,84
99,Taylor Swift,epiphany,08fa9LFcFBTcilB3iq2e2A,83
100,Juice WRLD,Come & Go (with Marshmello),7y7w4tl4MaRC2UMEj1mPtr,92
101,StaySolidRocky,Party Girl,5RqR4ZCCKJDcBLIn4sih9l,94
102,Juice WRLD,Conversations,2fZTS0VboxRpF0FdfY7E5P,89
103,Juice WRLD,Hate The Other Side (with Marshmello & The Kid Laroi),66FgjA5ZQJJuypFG1bc8se,89
104,THE SCOTTS,THE SCOTTS,39Yp9wwQiSRIDOvrVg7mbk,92
105,Taylor Swift,cardigan,4R2kfaDFhslZEMJqAFNpdd,90
106,Lil Baby,We Paid (feat. 42 Dugg),6gxKUmycQX7uyMwJcweFjp,87
107,Lil Mosey,Blueberry Faygo,6wJYhPfqk3KGhHRG76WzOh,90
108,Taylor Swift,the 1,0Jlcvv8IykzHaSmj49uNW8,88
109,Taylor Swift,exile (feat. Bon Iver),4pvb0WLRcMtbPGmtejJJ6y,89
110,Pop Smoke,For The Night (feat. Lil Baby & DaBaby),0PvFJmanyNQMseIFrU708S,89
111,Powfu,death bed (coffee for your head),7eJMfftS33KTjuF7lTsMCx,95
112,Rod Wave,Rags2Riches (feat. ATR Son Son),1ENdcyhqdylaLsPVgB83qq,87
113,Don Toliver,After Party,527k23H0A4Q0UJN3vGs0Da,89
114,Megan Thee Stallion,Savage Remix (feat. Beyoncé),5v4GgrXPMghOnBBLmveLac,90
115,Juice WRLD,Life's A Mess (feat. Halsey),4h5N4KyWZMtpeH9vhXSXjd,88
116,Pop Smoke,The Woo (feat. 50 Cent & Roddy Ricch),1H7KnK26kc1YyellpbINEn,90
117,Juice WRLD,Righteous,615vw74T1NebV8pKoutm2J,87
118,Juice WRLD,Blood On My Jeans,3MmCFghNjzZMn3HKqbVizn,86
119,Taylor Swift,the last great american dynasty,2Eeur20xVqfUoM3Q7EFPFt,87
120,Lil Baby,The Bigger Picture,44gRhRi2OhEf7moAUj6MD1,86
121,Taylor Swift,my tears ricochet,1MgV7FIyNxIG7WzMRJV5HC,86
122,Drake,Chicago Freestyle (feat. Giveon),4wVOKKEHUJxHCFFNUWDn0B,88
123,Taylor Swift,august,3hUxzQpSfdDqwM3ZTFQY0K,86
124,Polo G,Flex (feat. Juice WRLD),2QqJTIlGKRLJC3onkavYEz,86
125,Gunna,DOLLAZ ON MY HEAD (feat. Young Thug),3nS9a01VvXHQriLqJYwRqG,86
126,Chris Brown,Go Crazy,1IIKrJVP1C9N7iPtG6eOsK,89
127,The Kid LAROI,GO (feat. Juice WRLD),2t7D3y0jvYjR8IP9Bosyew,87
128,Drake,Toosie Slide,127QTOFJsJQp5LbJbu3A1y,92
129,Taylor Swift,mirrorball,0ZNU020wNYvgW84iljPkPP,85
130,Juice WRLD,Titanic,1QoG0Yqz1onMsdbOibZVke,85
131,Taylor Swift,seven,6KJqZcs9XDgVck7Lg9QOTC,85
132,DJ Khaled,POPSTAR (feat. Drake),6EDO9iiTtwNv6waLwa1UUq,90
133,Taylor Swift,invisible string,6VsvKPJ4xjVNKpI8VVZ3SV,85
134,Juice WRLD,Bad Energy,0JoWBcL61YWLXM5vW0YTHO,85
135,Juice WRLD,Stay High,1AnkdcHl86kEhDvhaKDuIe,85
136,Taylor Swift,this is me trying,7kt9e9LFSpN1zQtYEl19o1,85
137,Ariana Grande,Stuck with U (with Justin Bieber),4HBZA5flZLE435QTztThqH,93
138,Taylor Swift,illicit affairs,2NmsngXHeC1GQ9wWrzhOMf,85
139,Juice WRLD,Up Up And Away,5lcIegmdblnWqT9nS9EhZj,85
140,Taylor Swift,betty,5kI4eCXXzyuIUXjQra0Cxi,84
141,Lady Gaga,Rain On Me (with Ariana Grande),24ySl2hOPGCDcxBxFIqWBu,92
142,Polo G,21,3JKgcAa7r07ocVWcV8bS0H,85
143,Marshmello,Be Kind (with Halsey),3Z8FwOEN59mRMxDCtb8N0A,91
144,Taylor Swift,mad woman,2QDyYdZyhlP2fp79KZX8Bi,84
145,Juice WRLD,Man Of The Year,1uA914Md6wsy9NDryyBypH,84
146,Juice WRLD,Fighting Demons,0jo6Nd4iJU0UFHqS0Xd4l4,84
147,Juice WRLD,Tell Me U Luv Me (with Trippie Redd),7iIzwqG5UxPYwTYUUK4pzU,84
148,Taylor Swift,epiphany,08fa9LFcFBTcilB3iq2e2A,83
149,Jawsh 685,Savage Love (Laxed - Siren Beat),1xQ6trAsedVPCdbtDAmk0c,96
150,StaySolidRocky,Party Girl,5RqR4ZCCKJDcBLIn4sih9l,94
151,Juice WRLD,Conversations,2fZTS0VboxRpF0FdfY7E5P,89
152,Juice WRLD,Hate The Other Side (with Marshmello & The Kid Laroi),66FgjA5ZQJJuypFG1bc8se,89
153,THE SCOTTS,THE SCOTTS,39Yp9wwQiSRIDOvrVg7mbk,92
154,Taylor Swift,cardigan,4R2kfaDFhslZEMJqAFNpdd,90
155,Lil Baby,We Paid (feat. 42 Dugg),6gxKUmycQX7uyMwJcweFjp,87
156,Lil Mosey,Blueberry Faygo,6wJYhPfqk3KGhHRG76WzOh,90
157,Taylor Swift,the 1,0Jlcvv8IykzHaSmj49uNW8,88
158,Taylor Swift,exile (feat. Bon Iver),4pvb0WLRcMtbPGmtejJJ6y,89
159,Pop Smoke,For The Night (feat. Lil Baby & DaBaby),0PvFJmanyNQMseIFrU708S,89
160,Powfu,death bed (coffee for your head),7eJMfftS33KTjuF7lTsMCx,95
161,Rod Wave,Rags2Riches (feat. ATR Son Son),1ENdcyhqdylaLsPVgB83qq,87
162,Don Toliver,After Party,527k23H0A4Q0UJN3vGs0Da,89
163,Megan Thee Stallion,Savage Remix (feat. Beyoncé),5v4GgrXPMghOnBBLmveLac,90
164,Juice WRLD,Life's A Mess (feat. Halsey),4h5N4KyWZMtpeH9vhXSXjd,88
165,Pop Smoke,The Woo (feat. 50 Cent & Roddy Ricch),1H7KnK26kc1YyellpbINEn,90
166,Juice WRLD,Righteous,615vw74T1NebV8pKoutm2J,87
167,Juice WRLD,Blood On My Jeans,3MmCFghNjzZMn3HKqbVizn,86
168,Taylor Swift,the last great american dynasty,2Eeur20xVqfUoM3Q7EFPFt,87
169,Lil Baby,The Bigger Picture,44gRhRi2OhEf7moAUj6MD1,86
170,Taylor Swift,my tears ricochet,1MgV7FIyNxIG7WzMRJV5HC,86
171,Drake,Chicago Freestyle (feat. Giveon),4wVOKKEHUJxHCFFNUWDn0B,88
172,Taylor Swift,august,3hUxzQpSfdDqwM3ZTFQY0K,86
173,Polo G,Flex (feat. Juice WRLD),2QqJTIlGKRLJC3onkavYEz,86
174,Gunna,DOLLAZ ON MY HEAD (feat. Young Thug),3nS9a01VvXHQriLqJYwRqG,86
175,Chris Brown,Go Crazy,1IIKrJVP1C9N7iPtG6eOsK,89
176,The Kid LAROI,GO (feat. Juice WRLD),2t7D3y0jvYjR8IP9Bosyew,87
177,Drake,Toosie Slide,127QTOFJsJQp5LbJbu3A1y,92
178,Taylor Swift,mirrorball,0ZNU020wNYvgW84iljPkPP,85
179,Juice WRLD,Titanic,1QoG0Yqz1onMsdbOibZVke,85
180,Taylor Swift,seven,6KJqZcs9XDgVck7Lg9QOTC,85
181,DJ Khaled,POPSTAR (feat. Drake),6EDO9iiTtwNv6waLwa1UUq,90
182,Taylor Swift,invisible string,6VsvKPJ4xjVNKpI8VVZ3SV,85
183,Juice WRLD,Bad Energy,0JoWBcL61YWLXM5vW0YTHO,85
184,Juice WRLD,Stay High,1AnkdcHl86kEhDvhaKDuIe,85
185,Taylor Swift,this is me trying,7kt9e9LFSpN1zQtYEl19o1,85
186,Ariana Grande,Stuck with U (with Justin Bieber),4HBZA5flZLE435QTztThqH,93
187,Taylor Swift,illicit affairs,2NmsngXHeC1GQ9wWrzhOMf,85
188,Juice WRLD,Up Up And Away,5lcIegmdblnWqT9nS9EhZj,85
189,Taylor Swift,betty,5kI4eCXXzyuIUXjQra0Cxi,84
190,Lady Gaga,Rain On Me (with Ariana Grande),24ySl2hOPGCDcxBxFIqWBu,92
191,Polo G,21,3JKgcAa7r07ocVWcV8bS0H,85
192,Marshmello,Be Kind (with Halsey),3Z8FwOEN59mRMxDCtb8N0A,91
193,Taylor Swift,mad woman,2QDyYdZyhlP2fp79KZX8Bi,84
194,Juice WRLD,Man Of The Year,1uA914Md6wsy9NDryyBypH,84
195,Juice WRLD,Fighting Demons,0jo6Nd4iJU0UFHqS0Xd4l4,84
196,Juice WRLD,Tell Me U Luv Me (with Trippie Redd),7iIzwqG5UxPYwTYUUK4pzU,84
197,Taylor Swift,epiphany,08fa9LFcFBTcilB3iq2e2A,83
198,Jawsh 685,Savage Love (Laxed - Siren Beat),1xQ6trAsedVPCdbtDAmk0c,96
199,Taylor Swift,peace,7MbT4I8qGntX4fMdqMQgke,83
200,Juice WRLD,Conversations,2fZTS0VboxRpF0FdfY7E5P,89
201,Juice WRLD,Hate The Other Side (with Marshmello & The Kid Laroi),66FgjA5ZQJJuypFG1bc8se,89
202,THE SCOTTS,THE SCOTTS,39Yp9wwQiSRIDOvrVg7mbk,92
203,Taylor Swift,cardigan,4R2kfaDFhslZEMJqAFNpdd,90
204,Lil Baby,We Paid (feat. 42 Dugg),6gxKUmycQX7uyMwJcweFjp,87
205,Lil Mosey,Blueberry Faygo,6wJYhPfqk3KGhHRG76WzOh,90
206,Taylor Swift,the 1,0Jlcvv8IykzHaSmj49uNW8,88
207,Taylor Swift,exile (feat. Bon Iver),4pvb0WLRcMtbPGmtejJJ6y,89
208,Pop Smoke,For The Night (feat. Lil Baby & DaBaby),0PvFJmanyNQMseIFrU708S,89
209,Powfu,death bed (coffee for your head),7eJMfftS33KTjuF7lTsMCx,95
210,Rod Wave,Rags2Riches (feat. ATR Son Son),1ENdcyhqdylaLsPVgB83qq,87
211,Don Toliver,After Party,527k23H0A4Q0UJN3vGs0Da,89
212,Megan Thee Stallion,Savage Remix (feat. Beyoncé),5v4GgrXPMghOnBBLmveLac,90
213,Juice WRLD,Life's A Mess (feat. Halsey),4h5N4KyWZMtpeH9vhXSXjd,88
214,Pop Smoke,The Woo (feat. 50 Cent & Roddy Ricch),1H7KnK26kc1YyellpbINEn,90
215,Juice WRLD,Righteous,615vw74T1NebV8pKoutm2J,87
216,Juice WRLD,Blood On My Jeans,3MmCFghNjzZMn3HKqbVizn,86
217,Taylor Swift,the last great american dynasty,2Eeur20xVqfUoM3Q7EFPFt,87
218,Lil Baby,The Bigger Picture,44gRhRi2OhEf7moAUj6MD1,86
219,Taylor Swift,my tears ricochet,1MgV7FIyNxIG7WzMRJV5HC,86
220,Drake,Chicago Freestyle (feat. Giveon),4wVOKKEHUJxHCFFNUWDn0B,88
221,Taylor Swift,august,3hUxzQpSfdDqwM3ZTFQY0K,86
222,Polo G,Flex (feat. Juice WRLD),2QqJTIlGKRLJC3onkavYEz,86
223,Gunna,DOLLAZ ON MY HEAD (feat. Young Thug),3nS9a01VvXHQriLqJYwRqG,86
224,Chris Brown,Go Crazy,1IIKrJVP1C9N7iPtG6eOsK,89
225,The Kid LAROI,GO (feat. Juice WRLD),2t7D3y0jvYjR8IP9Bosyew,87
226,Drake,Toosie Slide,127QTOFJsJQp5LbJbu3A1y,92
227,Taylor Swift,mirrorball,0ZNU020wNYvgW84iljPkPP,85
228,Juice WRLD,Titanic,1QoG0Yqz1onMsdbOibZVke,85
229,Taylor Swift,seven,6KJqZcs9XDgVck7Lg9QOTC,85
230,DJ Khaled,POPSTAR (feat. Drake),6EDO9iiTtwNv6waLwa1UUq,90
231,Taylor Swift,invisible string,6VsvKPJ4xjVNKpI8VVZ3SV,85
232,Juice WRLD,Bad Energy,0JoWBcL61YWLXM5vW0YTHO,85
233,Juice WRLD,Stay High,1AnkdcHl86kEhDvhaKDuIe,85
234,Taylor Swift,this is me trying,7kt9e9LFSpN1zQtYEl19o1,85
235,Ariana Grande,Stuck with U (with Justin Bieber),4HBZA5flZLE435QTztThqH,93
236,Taylor Swift,illicit affairs,2NmsngXHeC1GQ9wWrzhOMf,85
237,Juice WRLD,Up Up And Away,5lcIegmdblnWqT9nS9EhZj,85
238,Taylor Swift,betty,5kI4eCXXzyuIUXjQra0Cxi,84
239,Lady Gaga,Rain On Me (with Ariana Grande),24ySl2hOPGCDcxBxFIqWBu,92
240,Polo G,21,3JKgcAa7r07ocVWcV8bS0H,85
241,Marshmello,Be Kind (with Halsey),3Z8FwOEN59mRMxDCtb8N0A,91
242,Taylor Swift,mad woman,2QDyYdZyhlP2fp79KZX8Bi,84
243,Juice WRLD,Man Of The Year,1uA914Md6wsy9NDryyBypH,84
244,Juice WRLD,Fighting Demons,0jo6Nd4iJU0UFHqS0Xd4l4,84
245,Juice WRLD,Tell Me U Luv Me (with Trippie Redd),7iIzwqG5UxPYwTYUUK4pzU,84
246,Taylor Swift,epiphany,08fa9LFcFBTcilB3iq2e2A,83
247,Jawsh 685,Savage Love (Laxed - Siren Beat),1xQ6trAsedVPCdbtDAmk0c,96
248,Taylor Swift,peace,7MbT4I8qGntX4fMdqMQgke,83
249,Future,Life Is Good (feat. Drake),5yY9lUy8nbvjM1Uyo1Uqoc,88
250,Juice WRLD,Hate The Other Side (with Marshmello & The Kid Laroi),66FgjA5ZQJJuypFG1bc8se,89
251,THE SCOTTS,THE SCOTTS,39Yp9wwQiSRIDOvrVg7mbk,92
252,Taylor Swift,cardigan,4R2kfaDFhslZEMJqAFNpdd,90
253,Lil Baby,We Paid (feat. 42 Dugg),6gxKUmycQX7uyMwJcweFjp,87
254,Lil Mosey,Blueberry Faygo,6wJYhPfqk3KGhHRG76WzOh,90
255,Taylor Swift,the 1,0Jlcvv8IykzHaSmj49uNW8,88
256,Taylor Swift,exile (feat. Bon Iver),4pvb0WLRcMtbPGmtejJJ6y,89
257,Pop Smoke,For The Night (feat. Lil Baby & DaBaby),0PvFJmanyNQMseIFrU708S,89
258,Powfu,death bed (coffee for your head),7eJMfftS33KTjuF7lTsMCx,95
259,Rod Wave,Rags2Riches (feat. ATR Son Son),1ENdcyhqdylaLsPVgB83qq,87
260,Don Toliver,After Party,527k23H0A4Q0UJN3vGs0Da,89
261,Megan Thee Stallion,Savage Remix (feat. Beyoncé),5v4GgrXPMghOnBBLmveLac,90
262,Juice WRLD,Life's A Mess (feat. Halsey),4h5N4KyWZMtpeH9vhXSXjd,88
263,Pop Smoke,The Woo (feat. 50 Cent & Roddy Ricch),1H7KnK26kc1YyellpbINEn,90
264,Juice WRLD,Righteous,615vw74T1NebV8pKoutm2J,87
265,Juice WRLD,Blood On My Jeans,3MmCFghNjzZMn3HKqbVizn,86
266,Taylor Swift,the last great american dynasty,2Eeur20xVqfUoM3Q7EFPFt,87
267,Lil Baby,The Bigger Picture,44gRhRi2OhEf7moAUj6MD1,86
268,Taylor Swift,my tears ricochet,1MgV7FIyNxIG7WzMRJV5HC,86
269,Drake,Chicago Freestyle (feat. Giveon),4wVOKKEHUJxHCFFNUWDn0B,88
270,Taylor Swift,august,3hUxzQpSfdDqwM3ZTFQY0K,86
271,Polo G,Flex (feat. Juice WRLD),2QqJTIlGKRLJC3onkavYEz,86
272,Gunna,DOLLAZ ON MY HEAD (feat. Young Thug),3nS9a01VvXHQriLqJYwRqG,86
273,Chris Brown,Go Crazy,1IIKrJVP1C9N7iPtG6eOsK,89
274,The Kid LAROI,GO (feat. Juice WRLD),2t7D3y0jvYjR8IP9Bosyew,87
275,Drake,Toosie Slide,127QTOFJsJQp5LbJbu3A1y,92
276,Taylor Swift,mirrorball,0ZNU020wNYvgW84iljPkPP,85
277,Juice WRLD,Titanic,1QoG0Yqz1onMsdbOibZVke,85
278,Taylor Swift,seven,6KJqZcs9XDgVck7Lg9QOTC,85
279,DJ Khaled,POPSTAR (feat. Drake),6EDO9iiTtwNv6waLwa1UUq,90
280,Taylor Swift,invisible string,6VsvKPJ4xjVNKpI8VVZ3SV,85
281,Juice WRLD,Bad Energy,0JoWBcL61YWLXM5vW0YTHO,85
282,Juice WRLD,Stay High,1AnkdcHl86kEhDvhaKDuIe,85
283,Taylor Swift,this is me trying,7kt9e9LFSpN1zQtYEl19o1,85
284,Ariana Grande,Stuck with U (with Justin Bieber),4HBZA5flZLE435QTztThqH,93
285,Taylor Swift,illicit affairs,2NmsngXHeC1GQ9wWrzhOMf,85
286,Juice WRLD,Up Up And Away,5lcIegmdblnWqT9nS9EhZj,85
287,Taylor Swift,betty,5kI4eCXXzyuIUXjQra0Cxi,84
288,Lady Gaga,Rain On Me (with Ariana Grande),24ySl2hOPGCDcxBxFIqWBu,92
289,Polo G,21,3JKgcAa7r07ocVWcV8bS0H,85
290,Marshmello,Be Kind (with Halsey),3Z8FwOEN59mRMxDCtb8N0A,91
291,Taylor Swift,mad woman,2QDyYdZyhlP2fp79KZX8Bi,84
292,Juice WRLD,Man Of The Year,1uA914Md6wsy9NDryyBypH,84
293,Juice WRLD,Fighting Demons,0jo6Nd4iJU0UFHqS0Xd4l4,84
294,Juice WRLD,Tell Me U Luv Me (with Trippie Redd),7iIzwqG5UxPYwTYUUK4pzU,84
295,Taylor Swift,epiphany,08fa9LFcFBTcilB3iq2e2A,83
296,Jawsh 685,Savage Love (Laxed - Siren Beat),1xQ6trAsedVPCdbtDAmk0c,96
297,Taylor Swift,peace,7MbT4I8qGntX4fMdqMQgke,83
298,Future,Life Is Good (feat. Drake),5yY9lUy8nbvjM1Uyo1Uqoc,88
299,6ix9ine,GOOBA,4NhDYoQTYCdWHTvlbGVgwo,91
300,THE SCOTTS,THE SCOTTS,39Yp9wwQiSRIDOvrVg7mbk,92
301,Taylor Swift,cardigan,4R2kfaDFhslZEMJqAFNpdd,90
302,Lil Baby,We Paid (feat. 42 Dugg),6gxKUmycQX7uyMwJcweFjp,87
303,Lil Mosey,Blueberry Faygo,6wJYhPfqk3KGhHRG76WzOh,90
304,Taylor Swift,the 1,0Jlcvv8IykzHaSmj49uNW8,88
305,Taylor Swift,exile (feat. Bon Iver),4pvb0WLRcMtbPGmtejJJ6y,89
306,Pop Smoke,For The Night (feat. Lil Baby & DaBaby),0PvFJmanyNQMseIFrU708S,89
307,Powfu,death bed (coffee for your head),7eJMfftS33KTjuF7lTsMCx,95
308,Rod Wave,Rags2Riches (feat. ATR Son Son),1ENdcyhqdylaLsPVgB83qq,87
309,Don Toliver,After Party,527k23H0A4Q0UJN3vGs0Da,89
310,Megan Thee Stallion,Savage Remix (feat. Beyoncé),5v4GgrXPMghOnBBLmveLac,90
311,Juice WRLD,Life's A Mess (feat. Halsey),4h5N4KyWZMtpeH9vhXSXjd,88
312,Pop Smoke,The Woo (feat. 50 Cent & Roddy Ricch),1H7KnK26kc1YyellpbINEn,90
313,Juice WRLD,Righteous,615vw74T1NebV8pKoutm2J,87
314,Juice WRLD,Blood On My Jeans,3MmCFghNjzZMn3HKqbVizn,86
315,Taylor Swift,the last great american dynasty,2Eeur20xVqfUoM3Q7EFPFt,87
316,Lil Baby,The Bigger Picture,44gRhRi2OhEf7moAUj6MD1,86
317,Taylor Swift,my tears ricochet,1MgV7FIyNxIG7WzMRJV5HC,86
318,Drake,Chicago Freestyle (feat. Giveon),4wVOKKEHUJxHCFFNUWDn0B,88
319,Taylor Swift,august,3hUxzQpSfdDqwM3ZTFQY0K,86
320,Polo G,Flex (feat. Juice WRLD),2QqJTIlGKRLJC3onkavYEz,86
321,Gunna,DOLLAZ ON MY HEAD (feat. Young Thug),3nS9a01VvXHQriLqJYwRqG,86
322,Chris Brown,Go Crazy,1IIKrJVP1C9N7iPtG6eOsK,89
323,The Kid LAROI,GO (feat. Juice WRLD),2t7D3y0jvYjR8IP9Bosyew,87
324,Drake,Toosie Slide,127QTOFJsJQp5LbJbu3A1y,92
325,Taylor Swift,mirrorball,0ZNU020wNYvgW84iljPkPP,85
326,Juice WRLD,Titanic,1QoG0Yqz1onMsdbOibZVke,85
327,Taylor Swift,seven,6KJqZcs9XDgVck7Lg9QOTC,85
328,DJ Khaled,POPSTAR (feat. Drake),6EDO9iiTtwNv6waLwa1UUq,90
329,Taylor Swift,invisible string,6VsvKPJ4xjVNKpI8VVZ3SV,85
330,Juice WRLD,Bad Energy,0JoWBcL61YWLXM5vW0YTHO,85
331,Juice WRLD,Stay High,1AnkdcHl86kEhDvhaKDuIe,85
332,Taylor Swift,this is me trying,7kt9e9LFSpN1zQtYEl19o1,85
333,Ariana Grande,Stuck with U (with Justin Bieber),4HBZA5flZLE435QTztThqH,93
334,Taylor Swift,illicit affairs,2NmsngXHeC1GQ9wWrzhOMf,85
335,Juice WRLD,Up Up And Away,5lcIegmdblnWqT9nS9EhZj,85
336,Taylor Swift,betty,5kI4eCXXzyuIUXjQra0Cxi,84
337,Lady Gaga,Rain On Me (with Ariana Grande),24ySl2hOPGCDcxBxFIqWBu,92
338,Polo G,21,3JKgcAa7r07ocVWcV8bS0H,85
339,Marshmello,Be Kind (with Halsey),3Z8FwOEN59mRMxDCtb8N0A,91
340,Taylor Swift,mad woman,2QDyYdZyhlP2fp79KZX8Bi,84
341,Juice WRLD,Man Of The Year,1uA914Md6wsy9NDryyBypH,84
342,Juice WRLD,Fighting Demons,0jo6Nd4iJU0UFHqS0Xd4l4,84
343,Juice WRLD,Tell Me U Luv Me (with Trippie Redd),7iIzwqG5UxPYwTYUUK4pzU,84
344,Taylor Swift,epiphany,08fa9LFcFBTcilB3iq2e2A,83
345,Jawsh 685,Savage Love (Laxed - Siren Beat),1xQ6trAsedVPCdbtDAmk0c,96
346,Taylor Swift,peace,7MbT4I8qGntX4fMdqMQgke,83
347,Future,Life Is Good (feat. Drake),5yY9lUy8nbvjM1Uyo1Uqoc,88
348,6ix9ine,GOOBA,4NhDYoQTYCdWHTvlbGVgwo,91
349,Juice WRLD,Screw Juice,2XSO13Gyndo7MDdtYibIxO,84
350,Taylor Swift,cardigan,4R2kfaDFhslZEMJqAFNpdd,90
351,Lil Baby,We Paid (feat. 42 Dugg),6gxKUmycQX7uyMwJcweFjp,87
352,Lil Mosey,Blueberry Faygo,6wJYhPfqk3KGhHRG76WzOh,90
353,Taylor Swift,the 1,0Jlcvv8IykzHaSmj49uNW8,88
354,Taylor Swift,exile (feat. Bon Iver),4pvb0WLRcMtbPGmtejJJ6y,89
355,Pop Smoke,For The Night (feat. Lil Baby & DaBaby),0PvFJmanyNQMseIFrU708S,89
356,Powfu,death bed (coffee for your head),7eJMfftS33KTjuF7lTsMCx,95
357,Rod Wave,Rags2Riches (feat. ATR Son Son),1ENdcyhqdylaLsPVgB83qq,87
358,Don Toliver,After Party,527k23H0A4Q0UJN3vGs0Da,89
359,Megan Thee Stallion,Savage Remix (feat. Beyoncé),5v4GgrXPMghOnBBLmveLac,90
360,Juice WRLD,Life's A Mess (feat. Halsey),4h5N4KyWZMtpeH9vhXSXjd,88
361,Pop Smoke,The Woo (feat. 50 Cent & Roddy Ricch),1H7KnK26kc1YyellpbINEn,90
362,Juice WRLD,Righteous,615vw74T1NebV8pKoutm2J,87
363,Juice WRLD,Blood On My Jeans,3MmCFghNjzZMn3HKqbVizn,86
364,Taylor Swift,the last great american dynasty,2Eeur20xVqfUoM3Q7EFPFt,87
365,Lil Baby,The Bigger Picture,44gRhRi2OhEf7moAUj6MD1,86
366,Taylor Swift,my tears ricochet,1MgV7FIyNxIG7WzMRJV5HC,86
367,Drake,Chicago Freestyle (feat. Giveon),4wVOKKEHUJxHCFFNUWDn0B,88
368,Taylor Swift,august,3hUxzQpSfdDqwM3ZTFQY0K,86
369,Polo G,Flex (feat. Juice WRLD),2QqJTIlGKRLJC3onkavYEz,86
370,Gunna,DOLLAZ ON MY HEAD (feat. Young Thug),3nS9a01VvXHQriLqJYwRqG,86
371,Chris Brown,Go Crazy,1IIKrJVP1C9N7iPtG6eOsK,89
372,The Kid LAROI,GO (feat. Juice WRLD),2t7D3y0jvYjR8IP9Bosyew,87
373,Drake,Toosie Slide,127QTOFJsJQp5LbJbu3A1y,92
374,Taylor Swift,mirrorball,0ZNU020wNYvgW84iljPkPP,85
375,Juice WRLD,Titanic,1QoG0Yqz1onMsdbOibZVke,85
376,Taylor Swift,seven,6KJqZcs9XDgVck7Lg9QOTC,85
377,DJ Khaled,POPSTAR (feat. Drake),6EDO9iiTtwNv6waLwa1UUq,90
378,Taylor Swift,invisible string,6VsvKPJ4xjVNKpI8VVZ3SV,85
379,Juice WRLD,Bad Energy,0JoWBcL61YWLXM5vW0YTHO,85
380,Juice WRLD,Stay High,1AnkdcHl86kEhDvhaKDuIe,85
381,Taylor Swift,this is me trying,7kt9e9LFSpN1zQtYEl19o1,85
382,Ariana Grande,Stuck with U (with Justin Bieber),4HBZA5flZLE435QTztThqH,93
383,Taylor Swift,illicit affairs,2NmsngXHeC1GQ9wWrzhOMf,85
384,Juice WRLD,Up Up And Away,5lcIegmdblnWqT9nS9EhZj,85
385,Taylor Swift,betty,5kI4eCXXzyuIUXjQra0Cxi,84
386,Lady Gaga,Rain On Me (with Ariana Grande),24ySl2hOPGCDcxBxFIqWBu,92
387,Polo G,21,3JKgcAa7r07ocVWcV8bS0H,85
388,Marshmello,Be Kind (with Halsey),3Z8FwOEN59mRMxDCtb8N0A,91
389,Taylor Swift,mad woman,2QDyYdZyhlP2fp79KZX8Bi,84
390,Juice WRLD,Man Of The Year,1uA914Md6wsy9NDryyBypH,84
391,Juice WRLD,Fighting Demons,0jo6Nd4iJU0UFHqS0Xd4l4,84
392,Juice WRLD,Tell Me U Luv Me (with Trippie Redd),7iIzwqG5UxPYwTYUUK4pzU,84
393,Taylor Swift,epiphany,08fa9LFcFBTcilB3iq2e2A,83
394,Jawsh 685,Savage Love (Laxed - Siren Beat),1xQ6trAsedVPCdbtDAmk0c,96
395,Taylor Swift,peace,7MbT4I8qGntX4fMdqMQgke,83
396,Future,Life Is Good (feat. Drake),5yY9lUy8nbvjM1Uyo1Uqoc,88
397,6ix9ine,GOOBA,4NhDYoQTYCdWHTvlbGVgwo,91
398,Juice WRLD,Screw Juice,2XSO13Gyndo7MDdtYibIxO,84
399,Juice WRLD,Can't Die,6DuHcOuuGWXNvF3uocsrBa,84
400,Lil Baby,We Paid (feat. 42 Dugg),6gxKUmycQX7uyMwJcweFjp,87
401,Lil Mosey,Blueberry Faygo,6wJYhPfqk3KGhHRG76WzOh,90
402,Taylor Swift,the 1,0Jlcvv8IykzHaSmj49uNW8,88
403,Taylor Swift,exile (feat. Bon Iver),4pvb0WLRcMtbPGmtejJJ6y,89
404,Pop Smoke,For The Night (feat. Lil Baby & DaBaby),0PvFJmanyNQMseIFrU708S,89
405,Powfu,death bed (coffee for your head),7eJMfftS33KTjuF7lTsMCx,95
406,Rod Wave,Rags2Riches (feat. ATR Son Son),1ENdcyhqdylaLsPVgB83qq,87
407,Don Toliver,After Party,527k23H0A4Q0UJN3vGs0Da,89
408,Megan Thee Stallion,Savage Remix (feat. Beyoncé),5v4GgrXPMghOnBBLmveLac,90
409,Juice WRLD,Life's A Mess (feat. Halsey),4h5N4KyWZMtpeH9vhXSXjd,88
410,Pop Smoke,The Woo (feat. 50 Cent & Roddy Ricch),1H7KnK26kc1YyellpbINEn,90
411,Juice WRLD,Righteous,615vw74T1NebV8pKoutm2J,87
412,Juice WRLD,Blood On My Jeans,3MmCFghNjzZMn3HKqbVizn,86
413,Taylor Swift,the last great american dynasty,2Eeur20xVqfUoM3Q7EFPFt,87
414,Lil Baby,The Bigger Picture,44gRhRi2OhEf7moAUj6MD1,86
415,Taylor Swift,my tears ricochet,1MgV7FIyNxIG7WzMRJV5HC,86
416,Drake,Chicago Freestyle (feat. Giveon),4wVOKKEHUJxHCFFNUWDn0B,88
417,Taylor Swift,august,3hUxzQpSfdDqwM3ZTFQY0K,86
418,Polo G,Flex (feat. Juice WRLD),2QqJTIlGKRLJC3onkavYEz,86
419,Gunna,DOLLAZ ON MY HEAD (feat. Young Thug),3nS9a01VvXHQriLqJYwRqG,86
420,Chris Brown,Go Crazy,1IIKrJVP1C9N7iPtG6eOsK,89
421,The Kid LAROI,GO (feat. Juice WRLD),2t7D3y0jvYjR8IP9Bosyew,87
422,Drake,Toosie Slide,127QTOFJsJQp5LbJbu3A1y,92
423,Taylor Swift,mirrorball,0ZNU020wNYvgW84iljPkPP,85
424,Juice WRLD,Titanic,1QoG0Yqz1onMsdbOibZVke,85
425,Taylor Swift,seven,6KJqZcs9XDgVck7Lg9QOTC,85
426,DJ Khaled,POPSTAR (feat. Drake),6EDO9iiTtwNv6waLwa1UUq,90
427,Taylor Swift,invisible string,6VsvKPJ4xjVNKpI8VVZ3SV,85
428,Juice WRLD,Bad Energy,0JoWBcL61YWLXM5vW0YTHO,85
429,Juice WRLD,Stay High,1AnkdcHl86kEhDvhaKDuIe,85
430,Taylor Swift,this is me trying,7kt9e9LFSpN1zQtYEl19o1,85
431,Ariana Grande,Stuck with U (with Justin Bieber),4HBZA5flZLE435QTztThqH,93
432,Taylor Swift,illicit affairs,2NmsngXHeC1GQ9wWrzhOMf,85
433,Juice WRLD,Up Up And Away,5lcIegmdblnWqT9nS9EhZj,85
434,Taylor Swift,betty,5kI4eCXXzyuIUXjQra0Cxi,84
435,Lady Gaga,Rain On Me (with Ariana Grande),24ySl2hOPGCDcxBxFIqWBu,92
436,Polo G,21,3JKgcAa7r07ocVWcV8bS0H,85
437,Marshmello,Be Kind (with Halsey),3Z8FwOEN59mRMxDCtb8N0A,91
438,Taylor Swift,mad woman,2QDyYdZyhlP2fp79KZX8Bi,84
439,Juice WRLD,Man Of The Year,1uA914Md6wsy9NDryyBypH,84
440,Juice WRLD,Fighting Demons,0jo6Nd4iJU0UFHqS0Xd4l4,84
441,Juice WRLD,Tell Me U Luv Me (with Trippie Redd),7iIzwqG5UxPYwTYUUK4pzU,84
442,Taylor Swift,epiphany,08fa9LFcFBTcilB3iq2e2A,83
443,Jawsh 685,Savage Love (Laxed - Siren Beat),1xQ6trAsedVPCdbtDAmk0c,96
444,Taylor Swift,peace,7MbT4I8qGntX4fMdqMQgke,83
445,Future,Life Is Good (feat. Drake),5yY9lUy8nbvjM1Uyo1Uqoc,88
446,6ix9ine,GOOBA,4NhDYoQTYCdWHTvlbGVgwo,91
447,Juice WRLD,Screw Juice,2XSO13Gyndo7MDdtYibIxO,84
448,Juice WRLD,Can't Die,6DuHcOuuGWXNvF3uocsrBa,84
449,Taylor Swift,hoax,6MWoRt97mnSTXZhu3ggi9C,82
450,Lil Mosey,Blueberry Faygo,6wJYhPfqk3KGhHRG76WzOh,90
451,Taylor Swift,the 1,0Jlcvv8IykzHaSmj49uNW8,88
452,Taylor Swift,exile (feat. Bon Iver),4pvb0WLRcMtbPGmtejJJ6y,89
453,Pop Smoke,For The Night (feat. Lil Baby & DaBaby),0PvFJmanyNQMseIFrU708S,89
454,Powfu,death bed (coffee for your head),7eJMfftS33KTjuF7lTsMCx,95
455,Rod Wave,Rags2Riches (feat. ATR Son Son),1ENdcyhqdylaLsPVgB83qq,87
456,Don Toliver,After Party,527k23H0A4Q0UJN3vGs0Da,89
457,Megan Thee Stallion,Savage Remix (feat. Beyoncé),5v4GgrXPMghOnBBLmveLac,90
458,Juice WRLD,Life's A Mess (feat. Halsey),4h5N4KyWZMtpeH9vhXSXjd,88
459,Pop Smoke,The Woo (feat. 50 Cent & Roddy Ricch),1H7KnK26kc1YyellpbINEn,90
460,Juice WRLD,Righteous,615vw74T1NebV8pKoutm2J,87
461,Juice WRLD,Blood On My Jeans,3MmCFghNjzZMn3HKqbVizn,86
462,Taylor Swift,the last great american dynasty,2Eeur20xVqfUoM3Q7EFPFt,87
463,Lil Baby,The Bigger Picture,44gRhRi2OhEf7moAUj6MD1,86
464,Taylor Swift,my tears ricochet,1MgV7FIyNxIG7WzMRJV5HC,86
465,Drake,Chicago Freestyle (feat. Giveon),4wVOKKEHUJxHCFFNUWDn0B,88
466,Taylor Swift,august,3hUxzQpSfdDqwM3ZTFQY0K,86
467,Polo G,Flex (feat. Juice WRLD),2QqJTIlGKRLJC3onkavYEz,86
468,Gunna,DOLLAZ ON MY HEAD (feat. Young Thug),3nS9a01VvXHQriLqJYwRqG,86
469,Chris Brown,Go Crazy,1IIKrJVP1C9N7iPtG6eOsK,89
470,The Kid LAROI,GO (feat. Juice WRLD),2t7D3y0jvYjR8IP9Bosyew,87
471,Drake,Toosie Slide,127QTOFJsJQp5LbJbu3A1y,92
472,Taylor Swift,mirrorball,0ZNU020wNYvgW84iljPkPP,85
473,Juice WRLD,Titanic,1QoG0Yqz1onMsdbOibZVke,85
474,Taylor Swift,seven,6KJqZcs9XDgVck7Lg9QOTC,85
475,DJ Khaled,POPSTAR (feat. Drake),6EDO9iiTtwNv6waLwa1UUq,90
476,Taylor Swift,invisible string,6VsvKPJ4xjVNKpI8VVZ3SV,85
477,Juice WRLD,Bad Energy,0JoWBcL61YWLXM5vW0YTHO,85
478,Juice WRLD,Stay High,1AnkdcHl86kEhDvhaKDuIe,85
479,Taylor Swift,this is me trying,7kt9e9LFSpN1zQtYEl19o1,85
480,Ariana Grande,Stuck with U (with Justin Bieber),4HBZA5flZLE435QTztThqH,93
481,Taylor Swift,illicit affairs,2NmsngXHeC1GQ9wWrzhOMf,85
482,Juice WRLD,Up Up And Away,5lcIegmdblnWqT9nS9EhZj,85
483,Taylor Swift,betty,5kI4eCXXzyuIUXjQra0Cxi,84
484,Lady Gaga,Rain On Me (with Ariana Grande),24ySl2hOPGCDcxBxFIqWBu,92
485,Polo G,21,3JKgcAa7r07ocVWcV8bS0H,85
486,Marshmello,Be Kind (with Halsey),3Z8FwOEN59mRMxDCtb8N0A,91
487,Taylor Swift,mad woman,2QDyYdZyhlP2fp79KZX8Bi,84
488,Juice WRLD,Man Of The Year,1uA914Md6wsy9NDryyBypH,84
489,Juice WRLD,Fighting Demons,0jo6Nd4iJU0UFHqS0Xd4l4,84
490,Juice WRLD,Tell Me U Luv Me (with Trippie Redd),7iIzwqG5UxPYwTYUUK4pzU,84
491,Taylor Swift,epiphany,08fa9LFcFBTcilB3iq2e2A,83
492,Jawsh 685,Savage Love (Laxed - Siren Beat),1xQ6trAsedVPCdbtDAmk0c,96
493,Taylor Swift,peace,7MbT4I8qGntX4fMdqMQgke,83
494,Future,Life Is Good (feat. Drake),5yY9lUy8nbvjM1Uyo1Uqoc,88
495,6ix9ine,GOOBA,4NhDYoQTYCdWHTvlbGVgwo,91
496,Juice WRLD,Screw Juice,2XSO13Gyndo7MDdtYibIxO,84
497,Juice WRLD,Can't Die,6DuHcOuuGWXNvF3uocsrBa,84
498,Taylor Swift,hoax,6MWoRt97mnSTXZhu3ggi9C,82
499,Juice WRLD,I Want It,6RsRMf9e4KUyo3MecGffNL,83
500,Taylor Swift,the 1,0Jlcvv8IykzHaSmj49uNW8,88
501,Taylor Swift,exile (feat. Bon Iver),4pvb0WLRcMtbPGmtejJJ6y,89
502,Pop Smoke,For The Night (feat. Lil Baby & DaBaby),0PvFJmanyNQMseIFrU708S,89
503,Powfu,death bed (coffee for your head),7eJMfftS33KTjuF7lTsMCx,95
504,Rod Wave,Rags2Riches (feat. ATR Son Son),1ENdcyhqdylaLsPVgB83qq,87
505,Don Toliver,After Party,527k23H0A4Q0UJN3vGs0Da,89
506,Megan Thee Stallion,Savage Remix (feat. Beyoncé),5v4GgrXPMghOnBBLmveLac,90
507,Juice WRLD,Life's A Mess (feat. Halsey),4h5N4KyWZMtpeH9vhXSXjd,88
508,Pop Smoke,The Woo (feat. 50 Cent & Roddy Ricch),1H7KnK26kc1YyellpbINEn,90
509,Juice WRLD,Righteous,615vw74T1NebV8pKoutm2J,87
510,Juice WRLD,Blood On My Jeans,3MmCFghNjzZMn3HKqbVizn,86
511,Taylor Swift,the last great american dynasty,2Eeur20xVqfUoM3Q7EFPFt,87
512,Lil Baby,The Bigger Picture,44gRhRi2OhEf7moAUj6MD1,86
513,Taylor Swift,my tears ricochet,1MgV7FIyNxIG7WzMRJV5HC,86
514,Drake,Chicago Freestyle (feat. Giveon),4wVOKKEHUJxHCFFNUWDn0B,88
515,Taylor Swift,august,3hUxzQpSfdDqwM3ZTFQY0K,86
516,Polo G,Flex (feat. Juice WRLD),2QqJTIlGKRLJC3onkavYEz,86
517,Gunna,DOLLAZ ON MY HEAD (feat. Young Thug),3nS9a01VvXHQriLqJYwRqG,86
518,Chris Brown,Go Crazy,1IIKrJVP1C9N7iPtG6eOsK,89
519,The Kid LAROI,GO (feat. Juice WRLD),2t7D3y0jvYjR8IP9Bosyew,87
520,Drake,Toosie Slide,127QTOFJsJQp5LbJbu3A1y,92
521,Taylor Swift,mirrorball,0ZNU020wNYvgW84iljPkPP,85
522,Juice WRLD,Titanic,1QoG0Yqz1onMsdbOibZVke,85
523,Taylor Swift,seven,6KJqZcs9XDgVck7Lg9QOTC,85
524,DJ Khaled,POPSTAR (feat. Drake),6EDO9iiTtwNv6waLwa1UUq,90
525,Taylor Swift,invisible string,6VsvKPJ4xjVNKpI8VVZ3SV,85
526,Juice WRLD,Bad Energy,0JoWBcL61YWLXM5vW0YTHO,85
527,Juice WRLD,Stay High,1AnkdcHl86kEhDvhaKDuIe,85
528,Taylor Swift,this is me trying,7kt9e9LFSpN1zQtYEl19o1,85
529,Ariana Grande,Stuck with U (with Justin Bieber),4HBZA5flZLE435QTztThqH,93
530,Taylor Swift,illicit affairs,2NmsngXHeC1GQ9wWrzhOMf,85
531,Juice WRLD,Up Up And Away,5lcIegmdblnWqT9nS9EhZj,85
532,Taylor Swift,betty,5kI4eCXXzyuIUXjQra0Cxi,84
533,Lady Gaga,Rain On Me (with Ariana Grande),24ySl2hOPGCDcxBxFIqWBu,92
534,Polo G,21,3JKgcAa7r07ocVWcV8bS0H,85
535,Marshmello,Be Kind (with Halsey),3Z8FwOEN59mRMxDCtb8N0A,91
536,Taylor Swift,mad woman,2QDyYdZyhlP2fp79KZX8Bi,84
537,Juice WRLD,Man Of The Year,1uA914Md6wsy9NDryyBypH,84
538,Juice WRLD,Fighting Demons,0jo6Nd4iJU0UFHqS0Xd4l4,84
539,Juice WRLD,Tell Me U Luv Me (with Trippie Redd),7iIzwqG5UxPYwTYUUK4pzU,84
540,Taylor Swift,epiphany,08fa9LFcFBTcilB3iq2e2A,83
541,Jawsh 685,Savage Love (Laxed - Siren Beat),1xQ6trAsedVPCdbtDAmk0c,96
542,Taylor Swift,peace,7MbT4I8qGntX4fMdqMQgke,83
543,Future,Life Is Good (feat. Drake),5yY9lUy8nbvjM1Uyo1Uqoc,88
544,6ix9ine,GOOBA,4NhDYoQTYCdWHTvlbGVgwo,91
545,Juice WRLD,Screw Juice,2XSO13Gyndo7MDdtYibIxO,84
546,Juice WRLD,Can't Die,6DuHcOuuGWXNvF3uocsrBa,84
547,Taylor Swift,hoax,6MWoRt97mnSTXZhu3ggi9C,82
548,Juice WRLD,I Want It,6RsRMf9e4KUyo3MecGffNL,83
549,Pop Smoke,Got It On Me,25zlnOAzbVoOzIeXSvQFf1,86
550,Taylor Swift,exile (feat. Bon Iver),4pvb0WLRcMtbPGmtejJJ6y,89
551,Pop Smoke,For The Night (feat. Lil Baby & DaBaby),0PvFJmanyNQMseIFrU708S,89
552,Powfu,death bed (coffee for your head),7eJMfftS33KTjuF7lTsMCx,95
553,Rod Wave,Rags2Riches (feat. ATR Son Son),1ENdcyhqdylaLsPVgB83qq,87
554,Don Toliver,After Party,527k23H0A4Q0UJN3vGs0Da,89
555,Megan Thee Stallion,Savage Remix (feat. Beyoncé),5v4GgrXPMghOnBBLmveLac,90
556,Juice WRLD,Life's A Mess (feat. Halsey),4h5N4KyWZMtpeH9vhXSXjd,88
557,Pop Smoke,The Woo (feat. 50 Cent & Roddy Ricch),1H7KnK26kc1YyellpbINEn,90
558,Juice WRLD,Righteous,615vw74T1NebV8pKoutm2J,87
559,Juice WRLD,Blood On My Jeans,3MmCFghNjzZMn3HKqbVizn,86
560,Taylor Swift,the last great american dynasty,2Eeur20xVqfUoM3Q7EFPFt,87
561,Lil Baby,The Bigger Picture,44gRhRi2OhEf7moAUj6MD1,86
562,Taylor Swift,my tears ricochet,1MgV7FIyNxIG7WzMRJV5HC,86
563,Drake,Chicago Freestyle (feat. Giveon),4wVOKKEHUJxHCFFNUWDn0B,88
564,Taylor Swift,august,3hUxzQpSfdDqwM3ZTFQY0K,86
565,Polo G,Flex (feat. Juice WRLD),2QqJTIlGKRLJC3onkavYEz,86
566,Gunna,DOLLAZ ON MY HEAD (feat. Young Thug),3nS9a01VvXHQriLqJYwRqG,86
567,Chris Brown,Go Crazy,1IIKrJVP1C9N7iPtG6eOsK,89
568,The Kid LAROI,GO (feat. Juice WRLD),2t7D3y0jvYjR8IP9Bosyew,87
569,Drake,Toosie Slide,127QTOFJsJQp5LbJbu3A1y,92
570,Taylor Swift,mirrorball,0ZNU020wNYvgW84iljPkPP,85
571,Juice WRLD,Titanic,1QoG0Yqz1onMsdbOibZVke,85
572,Taylor Swift,seven,6KJqZcs9XDgVck7Lg9QOTC,85
573,DJ Khaled,POPSTAR (feat. Drake),6EDO9iiTtwNv6waLwa1UUq,90
574,Taylor Swift,invisible string,6VsvKPJ4xjVNKpI8VVZ3SV,85
575,Juice WRLD,Bad Energy,0JoWBcL61YWLXM5vW0YTHO,85
576,Juice WRLD,Stay High,1AnkdcHl86kEhDvhaKDuIe,85
577,Taylor Swift,this is me trying,7kt9e9LFSpN1zQtYEl19o1,85
578,Ariana Grande,Stuck with U (with Justin Bieber),4HBZA5flZLE435QTztThqH,93
579,Taylor Swift,illicit affairs,2NmsngXHeC1GQ9wWrzhOMf,85
580,Juice WRLD,Up Up And Away,5lcIegmdblnWqT9nS9EhZj,85
581,Taylor Swift,betty,5kI4eCXXzyuIUXjQra0Cxi,84
582,Lady Gaga,Rain On Me (with Ariana Grande),24ySl2hOPGCDcxBxFIqWBu,92
583,Polo G,21,3JKgcAa7r07ocVWcV8bS0H,85
584,Marshmello,Be Kind (with Halsey),3Z8FwOEN59mRMxDCtb8N0A,91
585,Taylor Swift,mad woman,2QDyYdZyhlP2fp79KZX8Bi,84
586,Juice WRLD,Man Of The Year,1uA914Md6wsy9NDryyBypH,84
587,Juice WRLD,Fighting Demons,0jo6Nd4iJU0UFHqS0Xd4l4,84
588,Juice WRLD,Tell Me U Luv Me (with Trippie Redd),7iIzwqG5UxPYwTYUUK4pzU,84
589,Taylor Swift,epiphany,08fa9LFcFBTcilB3iq2e2A,83
590,Jawsh 685,Savage Love (Laxed - Siren Beat),1xQ6trAsedVPCdbtDAmk0c,96
591,Taylor Swift,peace,7MbT4I8qGntX4fMdqMQgke,83
592,Future,Life Is Good (feat. Drake),5yY9lUy8nbvjM1Uyo1Uqoc,88
593,6ix9ine,GOOBA,4NhDYoQTYCdWHTvlbGVgwo,91
594,Juice WRLD,Screw Juice,2XSO13Gyndo7MDdtYibIxO,84
595,Juice WRLD,Can't Die,6DuHcOuuGWXNvF3uocsrBa,84
596,Taylor Swift,hoax,6MWoRt97mnSTXZhu3ggi9C,82
597,Juice WRLD,I Want It,6RsRMf9e4KUyo3MecGffNL,83
598,Pop Smoke,Got It On Me,25zlnOAzbVoOzIeXSvQFf1,86
599,DJ Khaled,GREECE (feat. Drake),35RJhm1pEovTBwnNR0zWad,87
600,Pop Smoke,For The Night (feat. Lil Baby & DaBaby),0PvFJmanyNQMseIFrU708S,89
601,Powfu,death bed (coffee for your head),7eJMfftS33KTjuF7lTsMCx,95
602,Rod Wave,Rags2Riches (feat. ATR Son Son),1ENdcyhqdylaLsPVgB83qq,87
603,Don Toliver,After Party,527k23H0A4Q0UJN3vGs0Da,89
604,Megan Thee Stallion,Savage Remix (feat. Beyoncé),5v4GgrXPMghOnBBLmveLac,90
605,Juice WRLD,Life's A Mess (feat. Halsey),4h5N4KyWZMtpeH9vhXSXjd,88
606,Pop Smoke,The Woo (feat. 50 Cent & Roddy Ricch),1H7KnK26kc1YyellpbINEn,90
607,Juice WRLD,Righteous,615vw74T1NebV8pKoutm2J,87
608,Juice WRLD,Blood On My Jeans,3MmCFghNjzZMn3HKqbVizn,86
609,Taylor Swift,the last great american dynasty,2Eeur20xVqfUoM3Q7EFPFt,87
610,Lil Baby,The Bigger Picture,44gRhRi2OhEf7moAUj6MD1,86
611,Taylor Swift,my tears ricochet,1MgV7FIyNxIG7WzMRJV5HC,86
612,Drake,Chicago Freestyle (feat. Giveon),4wVOKKEHUJxHCFFNUWDn0B,88
613,Taylor Swift,august,3hUxzQpSfdDqwM3ZTFQY0K,86
614,Polo G,Flex (feat. Juice WRLD),2QqJTIlGKRLJC3onkavYEz,86
615,Gunna,DOLLAZ ON MY HEAD (feat. Young Thug),3nS9a01VvXHQriLqJYwRqG,86
616,Chris Brown,Go Crazy,1IIKrJVP1C9N7iPtG6eOsK,89
617,The Kid LAROI,GO (feat. Juice WRLD),2t7D3y0jvYjR8IP9Bosyew,87
618,Drake,Toosie Slide,127QTOFJsJQp5LbJbu3A1y,92
619,Taylor Swift,mirrorball,0ZNU020wNYvgW84iljPkPP,85
620,Juice WRLD,Titanic,1QoG0Yqz1onMsdbOibZVke,85
621,Taylor Swift,seven,6KJqZcs9XDgVck7Lg9QOTC,85
622,DJ Khaled,POPSTAR (feat. Drake),6EDO9iiTtwNv6waLwa1UUq,90
623,Taylor Swift,invisible string,6VsvKPJ4xjVNKpI8VVZ3SV,85
624,Juice WRLD,Bad Energy,0JoWBcL61YWLXM5vW0YTHO,85
625,Juice WRLD,Stay High,1AnkdcHl86kEhDvhaKDuIe,85
626,Taylor Swift,this is me trying,7kt9e9LFSpN1zQtYEl19o1,85
627,Ariana Grande,Stuck with U (with Justin Bieber),4HBZA5flZLE435QTztThqH,93
628,Taylor Swift,illicit affairs,2NmsngXHeC1GQ9wWrzhOMf,85
629,Juice WRLD,Up Up And Away,5lcIegmdblnWqT9nS9EhZj,85
630,Taylor Swift,betty,5kI4eCXXzyuIUXjQra0Cxi,84
631,Lady Gaga,Rain On Me (with Ariana Grande),24ySl2hOPGCDcxBxFIqWBu,92
632,Polo G,21,3JKgcAa7r07ocVWcV8bS0H,85
633,Marshmello,Be Kind (with Halsey),3Z8FwOEN59mRMxDCtb8N0A,91
634,Taylor Swift,mad woman,2QDyYdZyhlP2fp79KZX8Bi,84
635,Juice WRLD,Man Of The Year,1uA914Md6wsy9NDryyBypH,84
636,Juice WRLD,Fighting Demons,0jo6Nd4iJU0UFHqS0Xd4l4,84
637,Juice WRLD,Tell Me U Luv Me (with Trippie Redd),7iIzwqG5UxPYwTYUUK4pzU,84
638,Taylor Swift,epiphany,08fa9LFcFBTcilB3iq2e2A,83
639,Jawsh 685,Savage Love (Laxed - Siren Beat),1xQ6trAsedVPCdbtDAmk0c,96
640,Taylor Swift,peace,7MbT4I8qGntX4fMdqMQgke,83
641,Future,Life Is Good (feat. Drake),5yY9lUy8nbvjM1Uyo1Uqoc,88
642,6ix9ine,GOOBA,4NhDYoQTYCdWHTvlbGVgwo,91
643,Juice WRLD,Screw Juice,2XSO13Gyndo7MDdtYibIxO,84
644,Juice WRLD,Can't Die,6DuHcOuuGWXNvF3uocsrBa,84
645,Taylor Swift,hoax,6MWoRt97mnSTXZhu3ggi9C,82
646,Juice WRLD,I Want It,6RsRMf9e4KUyo3MecGffNL,83
647,Pop Smoke,Got It On Me,25zlnOAzbVoOzIeXSvQFf1,86
648,DJ Khaled,GREECE (feat. Drake),35RJhm1pEovTBwnNR0zWad,87
649,Eminem,Godzilla (feat. Juice WRLD),7FIWs0pqAYbP91WWM0vlTQ,88
650,Powfu,death bed (coffee for your head),7eJMfftS33KTjuF7lTsMCx,95
651,Rod Wave,Rags2Riches (feat. ATR Son Son),1ENdcyhqdylaLsPVgB83qq,87
652,Don Toliver,After Party,527k23H0A4Q0UJN3vGs0Da,89
653,Megan Thee Stallion,Savage Remix (feat. Beyoncé),5v4GgrXPMghOnBBLmveLac,90
654,Juice WRLD,Life's A Mess (feat. Halsey),4h5N4KyWZMtpeH9vhXSXjd,88
655,Pop Smoke,The Woo (feat. 50 Cent & Roddy Ricch),1H7KnK26kc1YyellpbINEn,90
656,Juice WRLD,Righteous,615vw74T1NebV8pKoutm2J,87
657,Juice WRLD,Blood On My Jeans,3MmCFghNjzZMn3HKqbVizn,86
658,Taylor Swift,the last great american dynasty,2Eeur20xVqfUoM3Q7EFPFt,87
659,Lil Baby,The Bigger Picture,44gRhRi2OhEf7moAUj6MD1,86
660,Taylor Swift,my tears ricochet,1MgV7FIyNxIG7WzMRJV5HC,86
661,Drake,Chicago Freestyle (feat. Giveon),4wVOKKEHUJxHCFFNUWDn0B,88
662,Taylor Swift,august,3hUxzQpSfdDqwM3ZTFQY0K,86
663,Polo G,Flex (feat. Juice WRLD),2QqJTIlGKRLJC3onkavYEz,86
664,Gunna,DOLLAZ ON MY HEAD (feat. Young Thug),3nS9a01VvXHQriLqJYwRqG,86
665,Chris Brown,Go Crazy,1IIKrJVP1C9N7iPtG6eOsK,89
666,The Kid LAROI,GO (feat. Juice WRLD),2t7D3y0jvYjR8IP9Bosyew,87
667,Drake,Toosie Slide,127QTOFJsJQp5LbJbu3A1y,92
668,Taylor Swift,mirrorball,0ZNU020wNYvgW84iljPkPP,85
669,Juice WRLD,Titanic,1QoG0Yqz1onMsdbOibZVke,85
670,Taylor Swift,seven,6KJqZcs9XDgVck7Lg9QOTC,85
671,DJ Khaled,POPSTAR (feat. Drake),6EDO9iiTtwNv6waLwa1UUq,90
672,Taylor Swift,invisible string,6VsvKPJ4xjVNKpI8VVZ3SV,85
673,Juice WRLD,Bad Energy,0JoWBcL61YWLXM5vW0YTHO,85
674,Juice WRLD,Stay High,1AnkdcHl86kEhDvhaKDuIe,85
675,Taylor Swift,this is me trying,7kt9e9LFSpN1zQtYEl19o1,85
676,Ariana Grande,Stuck with U (with Justin Bieber),4HBZA5flZLE435QTztThqH,93
677,Taylor Swift,illicit affairs,2NmsngXHeC1GQ9wWrzhOMf,85
678,Juice WRLD,Up Up And Away,5lcIegmdblnWqT9nS9EhZj,85
679,Taylor Swift,betty,5kI4eCXXzyuIUXjQra0Cxi,84
680,Lady Gaga,Rain On Me (with Ariana Grande),24ySl2hOPGCDcxBxFIqWBu,92
681,Polo G,21,3JKgcAa7r07ocVWcV8bS0H,85
682,Marshmello,Be Kind (with Halsey),3Z8FwOEN59mRMxDCtb8N0A,91
683,Taylor Swift,mad woman,2QDyYdZyhlP2fp79KZX8Bi,84
684,Juice WRLD,Man Of The Year,1uA914Md6wsy9NDryyBypH,84
685,Juice WRLD,Fighting Demons,0jo6Nd4iJU0UFHqS0Xd4l4,84
686,Juice WRLD,Tell Me U Luv Me (with Trippie Redd),7iIzwqG5UxPYwTYUUK4pzU,84
687,Taylor Swift,epiphany,08fa9LFcFBTcilB3iq2e2A,83
688,Jawsh 685,Savage Love (Laxed - Siren Beat),1xQ6trAsedVPCdbtDAmk0c,96
689,Taylor Swift,peace,7MbT4I8qGntX4fMdqMQgke,83
690,Future,Life Is Good (feat. Drake),5yY9lUy8nbvjM1Uyo1Uqoc,88
691,6ix9ine,GOOBA,4NhDYoQTYCdWHTvlbGVgwo,91
692,Juice WRLD,Screw Juice,2XSO13Gyndo7MDdtYibIxO,84
693,Juice WRLD,Can't Die,6DuHcOuuGWXNvF3uocsrBa,84
694,Taylor Swift,hoax,6MWoRt97mnSTXZhu3ggi9C,82
695,Juice WRLD,I Want It,6RsRMf9e4KUyo3MecGffNL,83
696,Pop Smoke,Got It On Me,25zlnOAzbVoOzIeXSvQFf1,86
697,DJ Khaled,GREECE (feat. Drake),35RJhm1pEovTBwnNR0zWad,87
698,Eminem,Godzilla (feat. Juice WRLD),7FIWs0pqAYbP91WWM0vlTQ,88
699,Lil Uzi Vert,Myron,56uXDJRCuoS7abX3SkzHKQ,83
700,Rod Wave,Rags2Riches (feat. ATR Son Son),1ENdcyhqdylaLsPVgB83qq,87
701,Don Toliver,After Party,527k23H0A4Q0UJN3vGs0Da,89
702,Megan Thee Stallion,Savage Remix (feat. Beyoncé),5v4GgrXPMghOnBBLmveLac,90
703,Juice WRLD,Life's A Mess (feat. Halsey),4h5N4KyWZMtpeH9vhXSXjd,88
704,Pop Smoke,The Woo (feat. 50 Cent & Roddy Ricch),1H7KnK26kc1YyellpbINEn,90
705,Juice WRLD,Righteous,615vw74T1NebV8pKoutm2J,87
706,Juice WRLD,Blood On My Jeans,3MmCFghNjzZMn3HKqbVizn,86
707,Taylor Swift,the last great american dynasty,2Eeur20xVqfUoM3Q7EFPFt,87
708,Lil Baby,The Bigger Picture,44gRhRi2OhEf7moAUj6MD1,86
709,Taylor Swift,my tears ricochet,1MgV7FIyNxIG7WzMRJV5HC,86
710,Drake,Chicago Freestyle (feat. Giveon),4wVOKKEHUJxHCFFNUWDn0B,88
711,Taylor Swift,august,3hUxzQpSfdDqwM3ZTFQY0K,86
712,Polo G,Flex (feat. Juice WRLD),2QqJTIlGKRLJC3onkavYEz,86
713,Gunna,DOLLAZ ON MY HEAD (feat. Young Thug),3nS9a01VvXHQriLqJYwRqG,86
714,Chris Brown,Go Crazy,1IIKrJVP1C9N7iPtG6eOsK,89
715,The Kid LAROI,GO (feat. Juice WRLD),2t7D3y0jvYjR8IP9Bosyew,87
716,Drake,Toosie Slide,127QTOFJsJQp5LbJbu3A1y,92
717,Taylor Swift,mirrorball,0ZNU020wNYvgW84iljPkPP,85
718,Juice WRLD,Titanic,1QoG0Yqz1onMsdbOibZVke,85
719,Taylor Swift,seven,6KJqZcs9XDgVck7Lg9QOTC,85
720,DJ Khaled,POPSTAR (feat. Drake),6EDO9iiTtwNv6waLwa1UUq,90
721,Taylor Swift,invisible string,6VsvKPJ4xjVNKpI8VVZ3SV,85
722,Juice WRLD,Bad Energy,0JoWBcL61YWLXM5vW0YTHO,85
723,Juice WRLD,Stay High,1AnkdcHl86kEhDvhaKDuIe,85
724,Taylor Swift,this is me trying,7kt9e9LFSpN1zQtYEl19o1,85
725,Ariana Grande,Stuck with U (with Justin Bieber),4HBZA5flZLE435QTztThqH,93
726,Taylor Swift,illicit affairs,2NmsngXHeC1GQ9wWrzhOMf,85
727,Juice WRLD,Up Up And Away,5lcIegmdblnWqT9nS9EhZj,85
728,Taylor Swift,betty,5kI4eCXXzyuIUXjQra0Cxi,84
729,Lady Gaga,Rain On Me (with Ariana Grande),24ySl2hOPGCDcxBxFIqWBu,92
730,Polo G,21,3JKgcAa7r07ocVWcV8bS0H,85
731,Marshmello,Be Kind (with Halsey),3Z8FwOEN59mRMxDCtb8N0A,91
732,Taylor Swift,mad woman,2QDyYdZyhlP2fp79KZX8Bi,84
733,Juice WRLD,Man Of The Year,1uA914Md6wsy9NDryyBypH,84
734,Juice WRLD,Fighting Demons,0jo6Nd4iJU0UFHqS0Xd4l4,84
735,Juice WRLD,Tell Me U Luv Me (with Trippie Redd),7iIzwqG5UxPYwTYUUK4pzU,84
736,Taylor Swift,epiphany,08fa9LFcFBTcilB3iq2e2A,83
737,Jawsh 685,Savage Love (Laxed - Siren Beat),1xQ6trAsedVPCdbtDAmk0c,96
738,Taylor Swift,peace,7MbT4I8qGntX4fMdqMQgke,83
739,Future,Life Is Good (feat. Drake),5yY9lUy8nbvjM1Uyo1Uqoc,88
740,6ix9ine,GOOBA,4NhDYoQTYCdWHTvlbGVgwo,91
741,Juice WRLD,Screw Juice,2XSO13Gyndo7MDdtYibIxO,84
742,Juice WRLD,Can't Die,6DuHcOuuGWXNvF3uocsrBa,84
743,Taylor Swift,hoax,6MWoRt97mnSTXZhu3ggi9C,82
744,Juice WRLD,I Want It,6RsRMf9e4KUyo3MecGffNL,83
745,Pop Smoke,Got It On Me,25zlnOAzbVoOzIeXSvQFf1,86
746,DJ Khaled,GREECE (feat. Drake),35RJhm1pEovTBwnNR0zWad,87
747,Eminem,Godzilla (feat. Juice WRLD),7FIWs0pqAYbP91WWM0vlTQ,88
748,Lil Uzi Vert,Myron,56uXDJRCuoS7abX3SkzHKQ,83
749,BLACKPINK,How You Like That,3vAn0qZzdyuHamcrpkfiX3,89
750,Don Toliver,After Party,527k23H0A4Q0UJN3vGs0Da,89
751,Megan Thee Stallion,Savage Remix (feat. Beyoncé),5v4GgrXPMghOnBBLmveLac,90
752,Juice WRLD,Life's A Mess (feat. Halsey),4h5N4KyWZMtpeH9vhXSXjd,88
753,Pop Smoke,The Woo (feat. 50 Cent & Roddy Ricch),1H7KnK26kc1YyellpbINEn,90
754,Juice WRLD,Righteous,615vw74T1NebV8pKoutm2J,87
755,Juice WRLD,Blood On My Jeans,3MmCFghNjzZMn3HKqbVizn,86
756,Taylor Swift,the last great american dynasty,2Eeur20xVqfUoM3Q7EFPFt,87
757,Lil Baby,The Bigger Picture,44gRhRi2OhEf7moAUj6MD1,86
758,Taylor Swift,my tears ricochet,1MgV7FIyNxIG7WzMRJV5HC,86
759,Drake,Chicago Freestyle (feat. Giveon),4wVOKKEHUJxHCFFNUWDn0B,88
760,Taylor Swift,august,3hUxzQpSfdDqwM3ZTFQY0K,86
761,Polo G,Flex (feat. Juice WRLD),2QqJTIlGKRLJC3onkavYEz,86
762,Gunna,DOLLAZ ON MY HEAD (feat. Young Thug),3nS9a01VvXHQriLqJYwRqG,86
763,Chris Brown,Go Crazy,1IIKrJVP1C9N7iPtG6eOsK,89
764,The Kid LAROI,GO (feat. Juice WRLD),2t7D3y0jvYjR8IP9Bosyew,87
765,Drake,Toosie Slide,127QTOFJsJQp5LbJbu3A1y,92
766,Taylor Swift,mirrorball,0ZNU020wNYvgW84iljPkPP,85
767,Juice WRLD,Titanic,1QoG0Yqz1onMsdbOibZVke,85
768,Taylor Swift,seven,6KJqZcs9XDgVck7Lg9QOTC,85
769,DJ Khaled,POPSTAR (feat. Drake),6EDO9iiTtwNv6waLwa1UUq,90
770,Taylor Swift,invisible string,6VsvKPJ4xjVNKpI8VVZ3SV,85
771,Juice WRLD,Bad Energy,0JoWBcL61YWLXM5vW0YTHO,85
772,Juice WRLD,Stay High,1AnkdcHl86kEhDvhaKDuIe,85
773,Taylor Swift,this is me trying,7kt9e9LFSpN1zQtYEl19o1,85
774,Ariana Grande,Stuck with U (with Justin Bieber),4HBZA5flZLE435QTztThqH,93
775,Taylor Swift,illicit affairs,2NmsngXHeC1GQ9wWrzhOMf,85
776,Juice WRLD,Up Up And Away,5lcIegmdblnWqT9nS9EhZj,85
777,Taylor Swift,betty,5kI4eCXXzyuIUXjQra0Cxi,84
778,Lady Gaga,Rain On Me (with Ariana Grande),24ySl2hOPGCDcxBxFIqWBu,92
779,Polo G,21,3JKgcAa7r07ocVWcV8bS0H,85
780,Marshmello,Be Kind (with Halsey),3Z8FwOEN59mRMxDCtb8N0A,91
781,Taylor Swift,mad woman,2QDyYdZyhlP2fp79KZX8Bi,84
782,Juice WRLD,Man Of The Year,1uA914Md6wsy9NDryyBypH,84
783,Juice WRLD,Fighting Demons,0jo6Nd4iJU0UFHqS0Xd4l4,84
784,Juice WRLD,Tell Me U Luv Me (with Trippie Redd),7iIzwqG5UxPYwTYUUK4pzU,84
785,Taylor Swift,epiphany,08fa9LFcFBTcilB3iq2e2A,83
786,Jawsh 685,Savage Love (Laxed - Siren Beat),1xQ6trAsedVPCdbtDAmk0c,96
787,Taylor Swift,peace,7MbT4I8qGntX4fMdqMQgke,83
788,Future,Life Is Good (feat. Drake),5yY9lUy8nbvjM1Uyo1Uqoc,88
789,6ix9ine,GOOBA,4NhDYoQTYCdWHTvlbGVgwo,91
790,Juice WRLD,Screw Juice,2XSO13Gyndo7MDdtYibIxO,84
791,Juice WRLD,Can't Die,6DuHcOuuGWXNvF3uocsrBa,84
792,Taylor Swift,hoax,6MWoRt97mnSTXZhu3ggi9C,82
793,Juice WRLD,I Want It,6RsRMf9e4KUyo3MecGffNL,83
794,Pop Smoke,Got It On Me,25zlnOAzbVoOzIeXSvQFf1,86
795,DJ Khaled,GREECE (feat. Drake),35RJhm1pEovTBwnNR0zWad,87
796,Eminem,Godzilla (feat. Juice WRLD),7FIWs0pqAYbP91WWM0vlTQ,88
797,Lil Uzi Vert,Myron,56uXDJRCuoS7abX3SkzHKQ,83
798,BLACKPINK,How You Like That,3vAn0qZzdyuHamcrpkfiX3,89
799,Lil Mosey,Blueberry Faygo,22LAwLoDA5b4AaGSkg6bKW,88
800,Megan Thee Stallion,Savage Remix (feat. Beyoncé),5v4GgrXPMghOnBBLmveLac,90
801,Juice WRLD,Life's A Mess (feat. Halsey),4h5N4KyWZMtpeH9vhXSXjd,88
802,Pop Smoke,The Woo (feat. 50 Cent & Roddy Ricch),1H7KnK26kc1YyellpbINEn,90
803,Juice WRLD,Righteous,615vw74T1NebV8pKoutm2J,87
804,Juice WRLD,Blood On My Jeans,3MmCFghNjzZMn3HKqbVizn,86
805,Taylor Swift,the last great american dynasty,2Eeur20xVqfUoM3Q7EFPFt,87
806,Lil Baby,The Bigger Picture,44gRhRi2OhEf7moAUj6MD1,86
807,Taylor Swift,my tears ricochet,1MgV7FIyNxIG7WzMRJV5HC,86
808,Drake,Chicago Freestyle (feat. Giveon),4wVOKKEHUJxHCFFNUWDn0B,88
809,Taylor Swift,august,3hUxzQpSfdDqwM3ZTFQY0K,86
810,Polo G,Flex (feat. Juice WRLD),2QqJTIlGKRLJC3onkavYEz,86
811,Gunna,DOLLAZ ON MY HEAD (feat. Young Thug),3nS9a01VvXHQriLqJYwRqG,86
812,Chris Brown,Go Crazy,1IIKrJVP1C9N7iPtG6eOsK,89
813,The Kid LAROI,GO (feat. Juice WRLD),2t7D3y0jvYjR8IP9Bosyew,87
814,Drake,Toosie Slide,127QTOFJsJQp5LbJbu3A1y,92
815,Taylor Swift,mirrorball,0ZNU020wNYvgW84iljPkPP,85
816,Juice WRLD,Titanic,1QoG0Yqz1onMsdbOibZVke,85
817,Taylor Swift,seven,6KJqZcs9XDgVck7Lg9QOTC,85
818,DJ Khaled,POPSTAR (feat. Drake),6EDO9iiTtwNv6waLwa1UUq,90
819,Taylor Swift,invisible string,6VsvKPJ4xjVNKpI8VVZ3SV,85
820,Juice WRLD,Bad Energy,0JoWBcL61YWLXM5vW0YTHO,85
821,Juice WRLD,Stay High,1AnkdcHl86kEhDvhaKDuIe,85
822,Taylor Swift,this is me trying,7kt9e9LFSpN1zQtYEl19o1,85
823,Ariana Grande,Stuck with U (with Justin Bieber),4HBZA5flZLE435QTztThqH,93
824,Taylor Swift,illicit affairs,2NmsngXHeC1GQ9wWrzhOMf,85
825,Juice WRLD,Up Up And Away,5lcIegmdblnWqT9nS9EhZj,85
826,Taylor Swift,betty,5kI4eCXXzyuIUXjQra0Cxi,84
827,Lady Gaga,Rain On Me (with Ariana Grande),24ySl2hOPGCDcxBxFIqWBu,92
828,Polo G,21,3JKgcAa7r07ocVWcV8bS0H,85
829,Marshmello,Be Kind (with Halsey),3Z8FwOEN59mRMxDCtb8N0A,91
830,Taylor Swift,mad woman,2QDyYdZyhlP2fp79KZX8Bi,84
831,Juice WRLD,Man Of The Year,1uA914Md6wsy9NDryyBypH,84
832,Juice WRLD,Fighting Demons,0jo6Nd4iJU0UFHqS0Xd4l4,84
833,Juice WRLD,Tell Me U Luv Me (with Trippie Redd),7iIzwqG5UxPYwTYUUK4pzU,84
834,Taylor Swift,epiphany,08fa9LFcFBTcilB3iq2e2A,83
835,Jawsh 685,Savage Love (Laxed - Siren Beat),1xQ6trAsedVPCdbtDAmk0c,96
836,Taylor Swift,peace,7MbT4I8qGntX4fMdqMQgke,83
837,Future,Life Is Good (feat. Drake),5yY9lUy8nbvjM1Uyo1Uqoc,88
838,6ix9ine,GOOBA,4NhDYoQTYCdWHTvlbGVgwo,91
839,Juice WRLD,Screw Juice,2XSO13Gyndo7MDdtYibIxO,84
840,Juice WRLD,Can't Die,6DuHcOuuGWXNvF3uocsrBa,84
841,Taylor Swift,hoax,6MWoRt97mnSTXZhu3ggi9C,82
842,Juice WRLD,I Want It,6RsRMf9e4KUyo3MecGffNL,83
843,Pop Smoke,Got It On Me,25zlnOAzbVoOzIeXSvQFf1,86
844,DJ Khaled,GREECE (feat. Drake),35RJhm1pEovTBwnNR0zWad,87
845,Eminem,Godzilla (feat. Juice WRLD),7FIWs0pqAYbP91WWM0vlTQ,88
846,Lil Uzi Vert,Myron,56uXDJRCuoS7abX3SkzHKQ,83
847,BLACKPINK,How You Like That,3vAn0qZzdyuHamcrpkfiX3,89
848,Lil Mosey,Blueberry Faygo,22LAwLoDA5b4AaGSkg6bKW,88
849,iann dior,Prospect (ft. Lil Baby),4Zjdzxx0dsavsr7Ehr8fGE,82
850,Juice WRLD,Life's A Mess (feat. Halsey),4h5N4KyWZMtpeH9vhXSXjd,88
851,Pop Smoke,The Woo (feat. 50 Cent & Roddy Ricch),1H7KnK26kc1YyellpbINEn,90
852,Juice WRLD,Righteous,615vw74T1NebV8pKoutm2J,87
853,Juice WRLD,Blood On My Jeans,3MmCFghNjzZMn3HKqbVizn,86
854,Taylor Swift,the last great american dynasty,2Eeur20xVqfUoM3Q7EFPFt,87
855,Lil Baby,The Bigger Picture,44gRhRi2OhEf7moAUj6MD1,86
856,Taylor Swift,my tears ricochet,1MgV7FIyNxIG7WzMRJV5HC,86
857,Drake,Chicago Freestyle (feat. Giveon),4wVOKKEHUJxHCFFNUWDn0B,88
858,Taylor Swift,august,3hUxzQpSfdDqwM3ZTFQY0K,86
859,Polo G,Flex (feat. Juice WRLD),2QqJTIlGKRLJC3onkavYEz,86
860,Gunna,DOLLAZ ON MY HEAD (feat. Young Thug),3nS9a01VvXHQriLqJYwRqG,86
861,Chris Brown,Go Crazy,1IIKrJVP1C9N7iPtG6eOsK,89
862,The Kid LAROI,GO (feat. Juice WRLD),2t7D3y0jvYjR8IP9Bosyew,87
863,Drake,Toosie Slide,127QTOFJsJQp5LbJbu3A1y,92
864,Taylor Swift,mirrorball,0ZNU020wNYvgW84iljPkPP,85
865,Juice WRLD,Titanic,1QoG0Yqz1onMsdbOibZVke,85
866,Taylor Swift,seven,6KJqZcs9XDgVck7Lg9QOTC,85
867,DJ Khaled,POPSTAR (feat. Drake),6EDO9iiTtwNv6waLwa1UUq,90
868,Taylor Swift,invisible string,6VsvKPJ4xjVNKpI8VVZ3SV,85
869,Juice WRLD,Bad Energy,0JoWBcL61YWLXM5vW0YTHO,85
870,Juice WRLD,Stay High,1AnkdcHl86kEhDvhaKDuIe,85
871,Taylor Swift,this is me trying,7kt9e9LFSpN1zQtYEl19o1,85
872,Ariana Grande,Stuck with U (with Justin Bieber),4HBZA5flZLE435QTztThqH,93
873,Taylor Swift,illicit affairs,2NmsngXHeC1GQ9wWrzhOMf,85
874,Juice WRLD,Up Up And Away,5lcIegmdblnWqT9nS9EhZj,85
875,Taylor Swift,betty,5kI4eCXXzyuIUXjQra0Cxi,84
876,Lady Gaga,Rain On Me (with Ariana Grande),24ySl2hOPGCDcxBxFIqWBu,92
877,Polo G,21,3JKgcAa7r07ocVWcV8bS0H,85
878,Marshmello,Be Kind (with Halsey),3Z8FwOEN59mRMxDCtb8N0A,91
879,Taylor Swift,mad woman,2QDyYdZyhlP2fp79KZX8Bi,84
880,Juice WRLD,Man Of The Year,1uA914Md6wsy9NDryyBypH,84
881,Juice WRLD,Fighting Demons,0jo6Nd4iJU0UFHqS0Xd4l4,84
882,Juice WRLD,Tell Me U Luv Me (with Trippie Redd),7iIzwqG5UxPYwTYUUK4pzU,84
883,Taylor Swift,epiphany,08fa9LFcFBTcilB3iq2e2A,83
884,Jawsh 685,Savage Love (Laxed - Siren Beat),1xQ6trAsedVPCdbtDAmk0c,96
885,Taylor Swift,peace,7MbT4I8qGntX4fMdqMQgke,83
886,Future,Life Is Good (feat. Drake),5yY9lUy8nbvjM1Uyo1Uqoc,88
887,6ix9ine,GOOBA,4NhDYoQTYCdWHTvlbGVgwo,91
888,Juice WRLD,Screw Juice,2XSO13Gyndo7MDdtYibIxO,84
889,Juice WRLD,Can't Die,6DuHcOuuGWXNvF3uocsrBa,84
890,Taylor Swift,hoax,6MWoRt97mnSTXZhu3ggi9C,82
891,Juice WRLD,I Want It,6RsRMf9e4KUyo3MecGffNL,83
892,Pop Smoke,Got It On Me,25zlnOAzbVoOzIeXSvQFf1,86
893,DJ Khaled,GREECE (feat. Drake),35RJhm1pEovTBwnNR0zWad,87
894,Eminem,Godzilla (feat. Juice WRLD),7FIWs0pqAYbP91WWM0vlTQ,88
895,Lil Uzi Vert,Myron,56uXDJRCuoS7abX3SkzHKQ,83
896,BLACKPINK,How You Like That,3vAn0qZzdyuHamcrpkfiX3,89
897,Lil Mosey,Blueberry Faygo,22LAwLoDA5b4AaGSkg6bKW,88
898,iann dior,Prospect (ft. Lil Baby),4Zjdzxx0dsavsr7Ehr8fGE,82
899,Tyla Yaweh,Tommy Lee (feat. Post Malone),5QZKcQDp0tCcvMdyqEciBV,84
900,Pop Smoke,The Woo (feat. 50 Cent & Roddy Ricch),1H7KnK26kc1YyellpbINEn,90
901,Juice WRLD,Righteous,615vw74T1NebV8pKoutm2J,87
902,Juice WRLD,Blood On My Jeans,3MmCFghNjzZMn3HKqbVizn,86
903,Taylor Swift,the last great american dynasty,2Eeur20xVqfUoM3Q7EFPFt,87
904,Lil Baby,The Bigger Picture,44gRhRi2OhEf7moAUj6MD1,86
905,Taylor Swift,my tears ricochet,1MgV7FIyNxIG7WzMRJV5HC,86
906,Drake,Chicago Freestyle (feat. Giveon),4wVOKKEHUJxHCFFNUWDn0B,88
907,Taylor Swift,august,3hUxzQpSfdDqwM3ZTFQY0K,86
908,Polo G,Flex (feat. Juice WRLD),2QqJTIlGKRLJC3onkavYEz,86
909,Gunna,DOLLAZ ON MY HEAD (feat. Young Thug),3nS9a01VvXHQriLqJYwRqG,86
910,Chris Brown,Go Crazy,1IIKrJVP1C9N7iPtG6eOsK,89
911,The Kid LAROI,GO (feat. Juice WRLD),2t7D3y0jvYjR8IP9Bosyew,87
912,Drake,Toosie Slide,127QTOFJsJQp5LbJbu3A1y,92
913,Taylor Swift,mirrorball,0ZNU020wNYvgW84iljPkPP,85
914,Juice WRLD,Titanic,1QoG0Yqz1onMsdbOibZVke,85
915,Taylor Swift,seven,6KJqZcs9XDgVck7Lg9QOTC,85
916,DJ Khaled,POPSTAR (feat. Drake),6EDO9iiTtwNv6waLwa1UUq,90
917,Taylor Swift,invisible string,6VsvKPJ4xjVNKpI8VVZ3SV,85
918,Juice WRLD,Bad Energy,0JoWBcL61YWLXM5vW0YTHO,85
919,Juice WRLD,Stay High,1AnkdcHl86kEhDvhaKDuIe,85
920,Taylor Swift,this is me trying,7kt9e9LFSpN1zQtYEl19o1,85
921,Ariana Grande,Stuck with U (with Justin Bieber),4HBZA5flZLE435QTztThqH,93
922,Taylor Swift,illicit affairs,2NmsngXHeC1GQ9wWrzhOMf,85
923,Juice WRLD,Up Up And Away,5lcIegmdblnWqT9nS9EhZj,85
924,Taylor Swift,betty,5kI4eCXXzyuIUXjQra0Cxi,84
925,Lady Gaga,Rain On Me (with Ariana Grande),24ySl2hOPGCDcxBxFIqWBu,92
926,Polo G,21,3JKgcAa7r07ocVWcV8bS0H,85
927,Marshmello,Be Kind (with Halsey),3Z8FwOEN59mRMxDCtb8N0A,91
928,Taylor Swift,mad woman,2QDyYdZyhlP2fp79KZX8Bi,84
929,Juice WRLD,Man Of The Year,1uA914Md6wsy9NDryyBypH,84
930,Juice WRLD,Fighting Demons,0jo6Nd4iJU0UFHqS0Xd4l4,84
931,Juice WRLD,Tell Me U Luv Me (with Trippie Redd),7iIzwqG5UxPYwTYUUK4pzU,84
932,Taylor Swift,epiphany,08fa9LFcFBTcilB3iq2e2A,83
933,Jawsh 685,Savage Love (Laxed - Siren Beat),1xQ6trAsedVPCdbtDAmk0c,96
934,Taylor Swift,peace,7MbT4I8qGntX4fMdqMQgke,83
935,Future,Life Is Good (feat. Drake),5yY9lUy8nbvjM1Uyo1Uqoc,88
936,6ix9ine,GOOBA,4NhDYoQTYCdWHTvlbGVgwo,91
937,Juice WRLD,Screw Juice,2XSO13Gyndo7MDdtYibIxO,84
938,Juice WRLD,Can't Die,6DuHcOuuGWXNvF3uocsrBa,84
939,Taylor Swift,hoax,6MWoRt97mnSTXZhu3ggi9C,82
940,Juice WRLD,I Want It,6RsRMf9e4KUyo3MecGffNL,83
941,Pop Smoke,Got It On Me,25zlnOAzbVoOzIeXSvQFf1,86
942,DJ Khaled,GREECE (feat. Drake),35RJhm1pEovTBwnNR0zWad,87
943,Eminem,Godzilla (feat. Juice WRLD),7FIWs0pqAYbP91WWM0vlTQ,88
944,Lil Uzi Vert,Myron,56uXDJRCuoS7abX3SkzHKQ,83
945,BLACKPINK,How You Like That,3vAn0qZzdyuHamcrpkfiX3,89
946,Lil Mosey,Blueberry Faygo,22LAwLoDA5b4AaGSkg6bKW,88
947,iann dior,Prospect (ft. Lil Baby),4Zjdzxx0dsavsr7Ehr8fGE,82
948,Tyla Yaweh,Tommy Lee (feat. Post Malone),5QZKcQDp0tCcvMdyqEciBV,84
949,Curtis Waters,Stunnin' (feat. Harm Franklin),2D0dj3hVkRQJCp63cxCPEx,87
950,Juice WRLD,Righteous,615vw74T1NebV8pKoutm2J,87
951,Juice WRLD,Blood On My Jeans,3MmCFghNjzZMn3HKqbVizn,86
952,Taylor Swift,the last great american dynasty,2Eeur20xVqfUoM3Q7EFPFt,87
953,Lil Baby,The Bigger Picture,44gRhRi2OhEf7moAUj6MD1,86
954,Taylor Swift,my tears ricochet,1MgV7FIyNxIG7WzMRJV5HC,86
955,Drake,Chicago Freestyle (feat. Giveon),4wVOKKEHUJxHCFFNUWDn0B,88
956,Taylor Swift,august,3hUxzQpSfdDqwM3ZTFQY0K,86
957,Polo G,Flex (feat. Juice WRLD),2QqJTIlGKRLJC3onkavYEz,86
958,Gunna,DOLLAZ ON MY HEAD (feat. Young Thug),3nS9a01VvXHQriLqJYwRqG,86
959,Chris Brown,Go Crazy,1IIKrJVP1C9N7iPtG6eOsK,89
960,The Kid LAROI,GO (feat. Juice WRLD),2t7D3y0jvYjR8IP9Bosyew,87
961,Drake,Toosie Slide,127QTOFJsJQp5LbJbu3A1y,92
962,Taylor Swift,mirrorball,0ZNU020wNYvgW84iljPkPP,85
963,Juice WRLD,Titanic,1QoG0Yqz1onMsdbOibZVke,85
964,Taylor Swift,seven,6KJqZcs9XDgVck7Lg9QOTC,85
965,DJ Khaled,POPSTAR (feat. Drake),6EDO9iiTtwNv6waLwa1UUq,90
966,Taylor Swift,invisible string,6VsvKPJ4xjVNKpI8VVZ3SV,85
967,Juice WRLD,Bad Energy,0JoWBcL61YWLXM5vW0YTHO,85
968,Juice WRLD,Stay High,1AnkdcHl86kEhDvhaKDuIe,85
969,Taylor Swift,this is me trying,7kt9e9LFSpN1zQtYEl19o1,85
970,Ariana Grande,Stuck with U (with Justin Bieber),4HBZA5flZLE435QTztThqH,93
971,Taylor Swift,illicit affairs,2NmsngXHeC1GQ9wWrzhOMf,85
972,Juice WRLD,Up Up And Away,5lcIegmdblnWqT9nS9EhZj,85
973,Taylor Swift,betty,5kI4eCXXzyuIUXjQra0Cxi,84
974,Lady Gaga,Rain On Me (with Ariana Grande),24ySl2hOPGCDcxBxFIqWBu,92
975,Polo G,21,3JKgcAa7r07ocVWcV8bS0H,85
976,Marshmello,Be Kind (with Halsey),3Z8FwOEN59mRMxDCtb8N0A,91
977,Taylor Swift,mad woman,2QDyYdZyhlP2fp79KZX8Bi,84
978,Juice WRLD,Man Of The Year,1uA914Md6wsy9NDryyBypH,84
979,Juice WRLD,Fighting Demons,0jo6Nd4iJU0UFHqS0Xd4l4,84
980,Juice WRLD,Tell Me U Luv Me (with Trippie Redd),7iIzwqG5UxPYwTYUUK4pzU,84
981,Taylor Swift,epiphany,08fa9LFcFBTcilB3iq2e2A,83
982,Jawsh 685,Savage Love (Laxed - Siren Beat),1xQ6trAsedVPCdbtDAmk0c,96
983,Taylor Swift,peace,7MbT4I8qGntX4fMdqMQgke,83
984,Future,Life Is Good (feat. Drake),5yY9lUy8nbvjM1Uyo1Uqoc,88
985,6ix9ine,GOOBA,4NhDYoQTYCdWHTvlbGVgwo,91
986,Juice WRLD,Screw Juice,2XSO13Gyndo7MDdtYibIxO,84
987,Juice WRLD,Can't Die,6DuHcOuuGWXNvF3uocsrBa,84
988,Taylor Swift,hoax,6MWoRt97mnSTXZhu3ggi9C,82
989,Juice WRLD,I Want It,6RsRMf9e4KUyo3MecGffNL,83
990,Pop Smoke,Got It On Me,25zlnOAzbVoOzIeXSvQFf1,86
991,DJ Khaled,GREECE (feat. Drake),35RJhm1pEovTBwnNR0zWad,87
992,Eminem,Godzilla (feat. Juice WRLD),7FIWs0pqAYbP91WWM0vlTQ,88
993,Lil Uzi Vert,Myron,56uXDJRCuoS7abX3SkzHKQ,83
994,BLACKPINK,How You Like That,3vAn0qZzdyuHamcrpkfiX3,89
995,Lil Mosey,Blueberry Faygo,22LAwLoDA5b4AaGSkg6bKW,88
996,iann dior,Prospect (ft. Lil Baby),4Zjdzxx0dsavsr7Ehr8fGE,82
997,Tyla Yaweh,Tommy Lee (feat. Post Malone),5QZKcQDp0tCcvMdyqEciBV,84
998,Curtis Waters,Stunnin' (feat. Harm Franklin),2D0dj3hVkRQJCp63cxCPEx,87
999,Lil Baby,Emotionally Scarred,7ge7BHazYbVKi8qyZUX1Bm,82
1000,Juice WRLD,Blood On My Jeans,3MmCFghNjzZMn3HKqbVizn,86
1001,Taylor Swift,the last great american dynasty,2Eeur20xVqfUoM3Q7EFPFt,87
1002,Lil Baby,The Bigger Picture,44gRhRi2OhEf7moAUj6MD1,86
1003,Taylor Swift,my tears ricochet,1MgV7FIyNxIG7WzMRJV5HC,86
1004,Drake,Chicago Freestyle (feat. Giveon),4wVOKKEHUJxHCFFNUWDn0B,88
1005,Taylor Swift,august,3hUxzQpSfdDqwM3ZTFQY0K,86
1006,Polo G,Flex (feat. Juice WRLD),2QqJTIlGKRLJC3onkavYEz,86
1007,Gunna,DOLLAZ ON MY HEAD (feat. Young Thug),3nS9a01VvXHQriLqJYwRqG,86
1008,Chris Brown,Go Crazy,1IIKrJVP1C9N7iPtG6eOsK,89
1009,The Kid LAROI,GO (feat. Juice WRLD),2t7D3y0jvYjR8IP9Bosyew,87
1010,Drake,Toosie Slide,127QTOFJsJQp5LbJbu3A1y,92
1011,Taylor Swift,mirrorball,0ZNU020wNYvgW84iljPkPP,85
1012,Juice WRLD,Titanic,1QoG0Yqz1onMsdbOibZVke,85
1013,Taylor Swift,seven,6KJqZcs9XDgVck7Lg9QOTC,85
1014,DJ Khaled,POPSTAR (feat. Drake),6EDO9iiTtwNv6waLwa1UUq,90
1015,Taylor Swift,invisible string,6VsvKPJ4xjVNKpI8VVZ3SV,85
1016,Juice WRLD,Bad Energy,0JoWBcL61YWLXM5vW0YTHO,85
1017,Juice WRLD,Stay High,1AnkdcHl86kEhDvhaKDuIe,85
1018,Taylor Swift,this is me trying,7kt9e9LFSpN1zQtYEl19o1,85
1019,Ariana Grande,Stuck with U (with Justin Bieber),4HBZA5flZLE435QTztThqH,93
1020,Taylor Swift,illicit affairs,2NmsngXHeC1GQ9wWrzhOMf,85
1021,Juice WRLD,Up Up And Away,5lcIegmdblnWqT9nS9EhZj,85
1022,Taylor Swift,betty,5kI4eCXXzyuIUXjQra0Cxi,84
1023,Lady Gaga,Rain On Me (with Ariana Grande),24ySl2hOPGCDcxBxFIqWBu,92
1024,Polo G,21,3JKgcAa7r07ocVWcV8bS0H,85
1025,Marshmello,Be Kind (with Halsey),3Z8FwOEN59mRMxDCtb8N0A,91
1026,Taylor Swift,mad woman,2QDyYdZyhlP2fp79KZX8Bi,84
1027,Juice WRLD,Man Of The Year,1uA914Md6wsy9NDryyBypH,84
1028,Juice WRLD,Fighting Demons,0jo6Nd4iJU0UFHqS0Xd4l4,84
1029,Juice WRLD,Tell Me U Luv Me (with Trippie Redd),7iIzwqG5UxPYwTYUUK4pzU,84
1030,Taylor Swift,epiphany,08fa9LFcFBTcilB3iq2e2A,83
1031,Jawsh 685,Savage Love (Laxed - Siren Beat),1xQ6trAsedVPCdbtDAmk0c,96
1032,Taylor Swift,peace,7MbT4I8qGntX4fMdqMQgke,83
1033,Future,Life Is Good (feat. Drake),5yY9lUy8nbvjM1Uyo1Uqoc,88
1034,6ix9ine,GOOBA,4NhDYoQTYCdWHTvlbGVgwo,91
1035,Juice WRLD,Screw Juice,2XSO13Gyndo7MDdtYibIxO,84
1036,Juice WRLD,Can't Die,6DuHcOuuGWXNvF3uocsrBa,84
1037,Taylor Swift,hoax,6MWoRt97mnSTXZhu3ggi9C,82
1038,Juice WRLD,I Want It,6RsRMf9e4KUyo3MecGffNL,83
1039,Pop Smoke,Got It On Me,25zlnOAzbVoOzIeXSvQFf1,86
1040,DJ Khaled,GREECE (feat. Drake),35RJhm1pEovTBwnNR0zWad,87
1041,Eminem,Godzilla (feat. Juice WRLD),7FIWs0pqAYbP91WWM0vlTQ,88
1042,Lil Uzi Vert,Myron,56uXDJRCuoS7abX3SkzHKQ,83
1043,BLACKPINK,How You Like That,3vAn0qZzdyuHamcrpkfiX3,89
1044,Lil Mosey,Blueberry Faygo,22LAwLoDA5b4AaGSkg6bKW,88
1045,iann dior,Prospect (ft. Lil Baby),4Zjdzxx0dsavsr7Ehr8fGE,82
1046,Tyla Yaweh,Tommy Lee (feat. Post Malone),5QZKcQDp0tCcvMdyqEciBV,84
1047,Curtis Waters,Stunnin' (feat. Harm Franklin),2D0dj3hVkRQJCp63cxCPEx,87
1048,Lil Baby,Emotionally Scarred,7ge7BHazYbVKi8qyZUX1Bm,82
1049,Diplo,Heartless (feat. Morgan Wallen),3FU6urUVsgXa6RBuV2PdRk,81
1050,Taylor Swift,the last great american dynasty,2Eeur20xVqfUoM3Q7EFPFt,87
1051,Lil Baby,The Bigger Picture,44gRhRi2OhEf7moAUj6MD1,86
1052,Taylor Swift,my tears ricochet,1MgV7FIyNxIG7WzMRJV5HC,86
1053,Drake,Chicago Freestyle (feat. Giveon),4wVOKKEHUJxHCFFNUWDn0B,88
1054,Taylor Swift,august,3hUxzQpSfdDqwM3ZTFQY0K,86
1055,Polo G,Flex (feat. Juice WRLD),2QqJTIlGKRLJC3onkavYEz,86
1056,Gunna,DOLLAZ ON MY HEAD (feat. Young Thug),3nS9a01VvXHQriLqJYwRqG,86
1057,Chris Brown,Go Crazy,1IIKrJVP1C9N7iPtG6eOsK,89
1058,The Kid LAROI,GO (feat. Juice WRLD),2t7D3y0jvYjR8IP9Bosyew,87
1059,Drake,Toosie Slide,127QTOFJsJQp5LbJbu3A1y,92
1060,Taylor Swift,mirrorball,0ZNU020wNYvgW84iljPkPP,85
1061,Juice WRLD,Titanic,1QoG0Yqz1onMsdbOibZVke,85
1062,Taylor Swift,seven,6KJqZcs9XDgVck7Lg9QOTC,85
1063,DJ Khaled,POPSTAR (feat. Drake),6EDO9iiTtwNv6waLwa1UUq,90
1064,Taylor Swift,invisible string,6VsvKPJ4xjVNKpI8VVZ3SV,85
1065,Juice WRLD,Bad Energy,0JoWBcL61YWLXM5vW0YTHO,85
1066,Juice WRLD,Stay High,1AnkdcHl86kEhDvhaKDuIe,85
1067,Taylor Swift,this is me trying,7kt9e9LFSpN1zQtYEl19o1,85
1068,Ariana Grande,Stuck with U (with Justin Bieber),4HBZA5flZLE435QTztThqH,93
1069,Taylor Swift,illicit affairs,2NmsngXHeC1GQ9wWrzhOMf,85
1070,Juice WRLD,Up Up And Away,5lcIegmdblnWqT9nS9EhZj,85
1071,Taylor Swift,betty,5kI4eCXXzyuIUXjQra0Cxi,84
1072,Lady Gaga,Rain On Me (with Ariana Grande),24ySl2hOPGCDcxBxFIqWBu,92
1073,Polo G,21,3JKgcAa7r07ocVWcV8bS0H,85
1074,Marshmello,Be Kind (with Halsey),3Z8FwOEN59mRMxDCtb8N0A,91
1075,Taylor Swift,mad woman,2QDyYdZyhlP2fp79KZX8Bi,84
1076,Juice WRLD,Man Of The Year,1uA914Md6wsy9NDryyBypH,84
1077,Juice WRLD,Fighting Demons,0jo6Nd4iJU0UFHqS0Xd4l4,84
1078,Juice WRLD,Tell Me U Luv Me (with Trippie Redd),7iIzwqG5UxPYwTYUUK4pzU,84
1079,Taylor Swift,epiphany,08fa9LFcFBTcilB3iq2e2A,83
1080,Jawsh 685,Savage Love (Laxed - Siren Beat),1xQ6trAsedVPCdbtDAmk0c,96
1081,Taylor Swift,peace,7MbT4I8qGntX4fMdqMQgke,83
1082,Future,Life Is Good (feat. Drake),5yY9lUy8nbvjM1Uyo1Uqoc,88
1083,6ix9ine,GOOBA,4NhDYoQTYCdWHTvlbGVgwo,91
1084,Juice WRLD,Screw Juice,2XSO13Gyndo7MDdtYibIxO,84
1085,Juice WRLD,Can't Die,6DuHcOuuGWXNvF3uocsrBa,84
1086,Taylor Swift,hoax,6MWoRt97mnSTXZhu3ggi9C,82
1087,Juice WRLD,I Want It,6RsRMf9e4KUyo3MecGffNL,83
1088,Pop Smoke,Got It On Me,25zlnOAzbVoOzIeXSvQFf1,86
1089,DJ Khaled,GREECE (feat. Drake),35RJhm1pEovTBwnNR0zWad,87
1090,Eminem,Godzilla (feat. Juice WRLD),7FIWs0pqAYbP91WWM0vlTQ,88
1091,Lil Uzi Vert,Myron,56uXDJRCuoS7abX3SkzHKQ,83
1092,BLACKPINK,How You Like That,3vAn0qZzdyuHamcrpkfiX3,89
1093,Lil Mosey,Blueberry Faygo,22LAwLoDA5b4AaGSkg6bKW,88
1094,iann dior,Prospect (ft. Lil Baby),4Zjdzxx0dsavsr7Ehr8fGE,82
1095,Tyla Yaweh,Tommy Lee (feat. Post Malone),5QZKcQDp0tCcvMdyqEciBV,84
1096,Curtis Waters,Stunnin' (feat. Harm Franklin),2D0dj3hVkRQJCp63cxCPEx,87
1097,Lil Baby,Emotionally Scarred,7ge7BHazYbVKi8qyZUX1Bm,82
1098,Diplo,Heartless (feat. Morgan Wallen),3FU6urUVsgXa6RBuV2PdRk,81
1099,Justin Bieber,Intentions,364dI1bYnvamSnBJ8JcNzN,87
1100,Lil Baby,The Bigger Picture,44gRhRi2OhEf7moAUj6MD1,86
1101,Taylor Swift,my tears ricochet,1MgV7FIyNxIG7WzMRJV5HC,86
1102,Drake,Chicago Freestyle (feat. Giveon),4wVOKKEHUJxHCFFNUWDn0B,88
1103,Taylor Swift,august,3hUxzQpSfdDqwM3ZTFQY0K,86
1104,Polo G,Flex (feat. Juice WRLD),2QqJTIlGKRLJC3onkavYEz,86
1105,Gunna,DOLLAZ ON MY HEAD (feat. Young Thug),3nS9a01VvXHQriLqJYwRqG,86
1106,Chris Brown,Go Crazy,1IIKrJVP1C9N7iPtG6eOsK,89
1107,The Kid LAROI,GO (feat. Juice WRLD),2t7D3y0jvYjR8IP9Bosyew,87
1108,Drake,Toosie Slide,127QTOFJsJQp5LbJbu3A1y,92
1109,Taylor Swift,mirrorball,0ZNU020wNYvgW84iljPkPP,85
1110,Juice WRLD,Titanic,1QoG0Yqz1onMsdbOibZVke,85
1111,Taylor Swift,seven,6KJqZcs9XDgVck7Lg9QOTC,85
1112,DJ Khaled,POPSTAR (feat. Drake),6EDO9iiTtwNv6waLwa1UUq,90
1113,Taylor Swift,invisible string,6VsvKPJ4xjVNKpI8VVZ3SV,85
1114,Juice WRLD,Bad Energy,0JoWBcL61YWLXM5vW0YTHO,85
1115,Juice WRLD,Stay High,1AnkdcHl86kEhDvhaKDuIe,85
1116,Taylor Swift,this is me trying,7kt9e9LFSpN1zQtYEl19o1,85
1117,Ariana Grande,Stuck with U (with Justin Bieber),4HBZA5flZLE435QTztThqH,93
1118,Taylor Swift,illicit affairs,2NmsngXHeC1GQ9wWrzhOMf,85
1119,Juice WRLD,Up Up And Away,5lcIegmdblnWqT9nS9EhZj,85
1120,Taylor Swift,betty,5kI4eCXXzyuIUXjQra0Cxi,84
1121,Lady Gaga,Rain On Me (with Ariana Grande),24ySl2hOPGCDcxBxFIqWBu,92
1122,Polo G,21,3JKgcAa7r07ocVWcV8bS0H,85
1123,Marshmello,Be Kind (with Halsey),3Z8FwOEN59mRMxDCtb8N0A,91
1124,Taylor Swift,mad woman,2QDyYdZyhlP2fp79KZX8Bi,84
1125,Juice WRLD,Man Of The Year,1uA914Md6wsy9NDryyBypH,84
1126,Juice WRLD,Fighting Demons,0jo6Nd4iJU0UFHqS0Xd4l4,84
1127,Juice WRLD,Tell Me U Luv Me (with Trippie Redd),7iIzwqG5UxPYwTYUUK4pzU,84
1128,Taylor Swift,epiphany,08fa9LFcFBTcilB3iq2e2A,83
1129,Jawsh 685,Savage Love (Laxed - Siren Beat),1xQ6trAsedVPCdbtDAmk0c,96
1130,Taylor Swift,peace,7MbT4I8qGntX4fMdqMQgke,83
1131,Future,Life Is Good (feat. Drake),5yY9lUy8nbvjM1Uyo1Uqoc,88
1132,6ix9ine,GOOBA,4NhDYoQTYCdWHTvlbGVgwo,91
1133,Juice WRLD,Screw Juice,2XSO13Gyndo7MDdtYibIxO,84
1134,Juice WRLD,Can't Die,6DuHcOuuGWXNvF3uocsrBa,84
1135,Taylor Swift,hoax,6MWoRt97mnSTXZhu3ggi9C,82
1136,Juice WRLD,I Want It,6RsRMf9e4KUyo3MecGffNL,83
1137,Pop Smoke,Got It On Me,25zlnOAzbVoOzIeXSvQFf1,86
1138,DJ Khaled,GREECE (feat. Drake),35RJhm1pEovTBwnNR0zWad,87
1139,Eminem,Godzilla (feat. Juice WRLD),7FIWs0pqAYbP91WWM0vlTQ,88
1140,Lil Uzi Vert,Myron,56uXDJRCuoS7abX3SkzHKQ,83
1141,BLACKPINK,How You Like That,3vAn0qZzdyuHamcrpkfiX3,89
1142,Lil Mosey,Blueberry Faygo,22LAwLoDA5b4AaGSkg6bKW,88
1143,iann dior,Prospect (ft. Lil Baby),4Zjdzxx0dsavsr7Ehr8fGE,82
1144,Tyla Yaweh,Tommy Lee (feat. Post Malone),5QZKcQDp0tCcvMdyqEciBV,84
1145,Curtis Waters,Stunnin' (feat. Harm Franklin),2D0dj3hVkRQJCp63cxCPEx,87
1146,Lil Baby,Emotionally Scarred,7ge7BHazYbVKi8qyZUX1Bm,82
1147,Diplo,Heartless (feat. Morgan Wallen),3FU6urUVsgXa6RBuV2PdRk,81
1148,Justin Bieber,Intentions,364dI1bYnvamSnBJ8JcNzN,87
1149,YNW Melly,Suicidal (Remix) [feat. Juice WRLD],4S2uhQE8L9V6p7rj7SiauJ,83
1150,Taylor Swift,my tears ricochet,1MgV7FIyNxIG7WzMRJV5HC,86
1151,Drake,Chicago Freestyle (feat. Giveon),4wVOKKEHUJxHCFFNUWDn0B,88
1152,Taylor Swift,august,3hUxzQpSfdDqwM3ZTFQY0K,86
1153,Polo G,Flex (feat. Juice WRLD),2QqJTIlGKRLJC3onkavYEz,86
1154,Gunna,DOLLAZ ON MY HEAD (feat. Young Thug),3nS9a01VvXHQriLqJYwRqG,86
1155,Chris Brown,Go Crazy,1IIKrJVP1C9N7iPtG6eOsK,89
1156,The Kid LAROI,GO (feat. Juice WRLD),2t7D3y0jvYjR8IP9Bosyew,87
1157,Drake,Toosie Slide,127QTOFJsJQp5LbJbu3A1y,92
1158,Taylor Swift,mirrorball,0ZNU020wNYvgW84iljPkPP,85
1159,Juice WRLD,Titanic,1QoG0Yqz1onMsdbOibZVke,85
1160,Taylor Swift,seven,6KJqZcs9XDgVck7Lg9QOTC,85
1161,DJ Khaled,POPSTAR (feat. Drake),6EDO9iiTtwNv6waLwa1UUq,90
1162,Taylor Swift,invisible string,6VsvKPJ4xjVNKpI8VVZ3SV,85
1163,Juice WRLD,Bad Energy,0JoWBcL61YWLXM5vW0YTHO,85
1164,Juice WRLD,Stay High,1AnkdcHl86kEhDvhaKDuIe,85
1165,Taylor Swift,this is me trying,7kt9e9LFSpN1zQtYEl19o1,85
1166,Ariana Grande,Stuck with U (with Justin Bieber),4HBZA5flZLE435QTztThqH,93
1167,Taylor Swift,illicit affairs,2NmsngXHeC1GQ9wWrzhOMf,85
1168,Juice WRLD,Up Up And Away,5lcIegmdblnWqT9nS9EhZj,85
1169,Taylor Swift,betty,5kI4eCXXzyuIUXjQra0Cxi,84
1170,Lady Gaga,Rain On Me (with Ariana Grande),24ySl2hOPGCDcxBxFIqWBu,92
1171,Polo G,21,3JKgcAa7r07ocVWcV8bS0H,85
1172,Marshmello,Be Kind (with Halsey),3Z8FwOEN59mRMxDCtb8N0A,91
1173,Taylor Swift,mad woman,2QDyYdZyhlP2fp79KZX8Bi,84
1174,Juice WRLD,Man Of The Year,1uA914Md6wsy9NDryyBypH,84
1175,Juice WRLD,Fighting Demons,0jo6Nd4iJU0UFHqS0Xd4l4,84
1176,Juice WRLD,Tell Me U Luv Me (with Trippie Redd),7iIzwqG5UxPYwTYUUK4pzU,84
1177,Taylor Swift,epiphany,08fa9LFcFBTcilB3iq2e2A,83
1178,Jawsh 685,Savage Love (Laxed - Siren Beat),1xQ6trAsedVPCdbtDAmk0c,96
1179,Taylor Swift,peace,7MbT4I8qGntX4fMdqMQgke,83
1180,Future,Life Is Good (feat. Drake),5yY9lUy8nbvjM1Uyo1Uqoc,88
1181,6ix9ine,GOOBA,4NhDYoQTYCdWHTvlbGVgwo,91
1182,Juice WRLD,Screw Juice,2XSO13Gyndo7MDdtYibIxO,84
1183,Juice WRLD,Can't Die,6DuHcOuuGWXNvF3uocsrBa,84
1184,Taylor Swift,hoax,6MWoRt97mnSTXZhu3ggi9C,82
1185,Juice WRLD,I Want It,6RsRMf9e4KUyo3MecGffNL,83
1186,Pop Smoke,Got It On Me,25zlnOAzbVoOzIeXSvQFf1,86
1187,DJ Khaled,GREECE (feat. Drake),35RJhm1pEovTBwnNR0zWad,87
1188,Eminem,Godzilla (feat. Juice WRLD),7FIWs0pqAYbP91WWM0vlTQ,88
1189,Lil Uzi Vert,Myron,56uXDJRCuoS7abX3SkzHKQ,83
1190,BLACKPINK,How You Like That,3vAn0qZzdyuHamcrpkfiX3,89
1191,Lil Mosey,Blueberry Faygo,22LAwLoDA5b4AaGSkg6bKW,88
1192,iann dior,Prospect (ft. Lil Baby),4Zjdzxx0dsavsr7Ehr8fGE,82
1193,Tyla Yaweh,Tommy Lee (feat. Post Malone),5QZKcQDp0tCcvMdyqEciBV,84
1194,Curtis Waters,Stunnin' (feat. Harm Franklin),2D0dj3hVkRQJCp63cxCPEx,87
1195,Lil Baby,Emotionally Scarred,7ge7BHazYbVKi8qyZUX1Bm,82
1196,Diplo,Heartless (feat. Morgan Wallen),3FU6urUVsgXa6RBuV2PdRk,81
1197,Justin Bieber,Intentions,364dI1bYnvamSnBJ8JcNzN,87
1198,YNW Melly,Suicidal (Remix) [feat. Juice WRLD],4S2uhQE8L9V6p7rj7SiauJ,83
1199,G Herbo,PTSD,3jT2LKH0RSbQ8jIUNFzXm5,82
1200,Drake,Chicago Freestyle (feat. Giveon),4wVOKKEHUJxHCFFNUWDn0B,88
1201,Taylor Swift,august,3hUxzQpSfdDqwM3ZTFQY0K,86
1202,Polo G,Flex (feat. Juice WRLD),2QqJTIlGKRLJC3onkavYEz,86
1203,Gunna,DOLLAZ ON MY HEAD (feat. Young Thug),3nS9a01VvXHQriLqJYwRqG,86
1204,Chris Brown,Go Crazy,1IIKrJVP1C9N7iPtG6eOsK,89
1205,The Kid LAROI,GO (feat. Juice WRLD),2t7D3y0jvYjR8IP9Bosyew,87
1206,Drake,Toosie Slide,127QTOFJsJQp5LbJbu3A1y,92
1207,Taylor Swift,mirrorball,0ZNU020wNYvgW84iljPkPP,85
1208,Juice WRLD,Titanic,1QoG0Yqz1onMsdbOibZVke,85
1209,Taylor Swift,seven,6KJqZcs9XDgVck7Lg9QOTC,85
1210,DJ Khaled,POPSTAR (feat. Drake),6EDO9iiTtwNv6waLwa1UUq,90
1211,Taylor Swift,invisible string,6VsvKPJ4xjVNKpI8VVZ3SV,85
1212,Juice WRLD,Bad Energy,0JoWBcL61YWLXM5vW0YTHO,85
1213,Juice WRLD,Stay High,1AnkdcHl86kEhDvhaKDuIe,85
1214,Taylor Swift,this is me trying,7kt9e9LFSpN1zQtYEl19o1,85
1215,Ariana Grande,Stuck with U (with Justin Bieber),4HBZA5flZLE435QTztThqH,93
1216,Taylor Swift,illicit affairs,2NmsngXHeC1GQ9wWrzhOMf,85
1217,Juice WRLD,Up Up And Away,5lcIegmdblnWqT9nS9EhZj,85
1218,Taylor Swift,betty,5kI4eCXXzyuIUXjQra0Cxi,84
1219,Lady Gaga,Rain On Me (with Ariana Grande),24ySl2hOPGCDcxBxFIqWBu,92
1220,Polo G,21,3JKgcAa7r07ocVWcV8bS0H,85
1221,Marshmello,Be Kind (with Halsey),3Z8FwOEN59mRMxDCtb8N0A,91
1222,Taylor Swift,mad woman,2QDyYdZyhlP2fp79KZX8Bi,84
1223,Juice WRLD,Man Of The Year,1uA914Md6wsy9NDryyBypH,84
1224,Juice WRLD,Fighting Demons,0jo6Nd4iJU0UFHqS0Xd4l4,84
1225,Juice WRLD,Tell Me U Luv Me (with Trippie Redd),7iIzwqG5UxPYwTYUUK4pzU,84
1226,Taylor Swift,epiphany,08fa9LFcFBTcilB3iq2e2A,83
1227,Jawsh 685,Savage Love (Laxed - Siren Beat),1xQ6trAsedVPCdbtDAmk0c,96
1228,Taylor Swift,peace,7MbT4I8qGntX4fMdqMQgke,83
1229,Future,Life Is Good (feat. Drake),5yY9lUy8nbvjM1Uyo1Uqoc,88
1230,6ix9ine,GOOBA,4NhDYoQTYCdWHTvlbGVgwo,91
1231,Juice WRLD,Screw Juice,2XSO13Gyndo7MDdtYibIxO,84
1232,Juice WRLD,Can't Die,6DuHcOuuGWXNvF3uocsrBa,84
1233,Taylor Swift,hoax,6MWoRt97mnSTXZhu3ggi9C,82
1234,Juice WRLD,I Want It,6RsRMf9e4KUyo3MecGffNL,83
1235,Pop Smoke,Got It On Me,25zlnOAzbVoOzIeXSvQFf1,86
1236,DJ Khaled,GREECE (feat. Drake),35RJhm1pEovTBwnNR0zWad,87
1237,Eminem,Godzilla (feat. Juice WRLD),7FIWs0pqAYbP91WWM0vlTQ,88
1238,Lil Uzi Vert,Myron,56uXDJRCuoS7abX3SkzHKQ,83
1239,BLACKPINK,How You Like That,3vAn0qZzdyuHamcrpkfiX3,89
1240,Lil Mosey,Blueberry Faygo,22LAwLoDA5b4AaGSkg6bKW,88
1241,iann dior,Prospect (ft. Lil Baby),4Zjdzxx0dsavsr7Ehr8fGE,82
1242,Tyla Yaweh,Tommy Lee (feat. Post Malone),5QZKcQDp0tCcvMdyqEciBV,84
1243,Curtis Waters,Stunnin' (feat. Harm Franklin),2D0dj3hVkRQJCp63cxCPEx,87
1244,Lil Baby,Emotionally Scarred,7ge7BHazYbVKi8qyZUX1Bm,82
1245,Diplo,Heartless (feat. Morgan Wallen),3FU6urUVsgXa6RBuV2PdRk,81
1246,Justin Bieber,Intentions,364dI1bYnvamSnBJ8JcNzN,87
1247,YNW Melly,Suicidal (Remix) [feat. Juice WRLD],4S2uhQE8L9V6p7rj7SiauJ,83
1248,G Herbo,PTSD,3jT2LKH0RSbQ8jIUNFzXm5,82
1249,Sleepy Hallow,Deep End Freestyle,4zTPYAf5scZdp0LnwPPeWK,83
1250,Taylor Swift,august,3hUxzQpSfdDqwM3ZTFQY0K,86
1251,Polo G,Flex (feat. Juice WRLD),2QqJTIlGKRLJC3onkavYEz,86
1252,Gunna,DOLLAZ ON MY HEAD (feat. Young Thug),3nS9a01VvXHQriLqJYwRqG,86
1253,Chris Brown,Go Crazy,1IIKrJVP1C9N7iPtG6eOsK,89
1254,The Kid LAROI,GO (feat. Juice WRLD),2t7D3y0jvYjR8IP9Bosyew,87
1255,Drake,Toosie Slide,127QTOFJsJQp5LbJbu3A1y,92
1256,Taylor Swift,mirrorball,0ZNU020wNYvgW84iljPkPP,85
1257,Juice WRLD,Titanic,1QoG0Yqz1onMsdbOibZVke,85
1258,Taylor Swift,seven,6KJqZcs9XDgVck7Lg9QOTC,85
1259,DJ Khaled,POPSTAR (feat. Drake),6EDO9iiTtwNv6waLwa1UUq,90
1260,Taylor Swift,invisible string,6VsvKPJ4xjVNKpI8VVZ3SV,85
1261,Juice WRLD,Bad Energy,0JoWBcL61YWLXM5vW0YTHO,85
1262,Juice WRLD,Stay High,1AnkdcHl86kEhDvhaKDuIe,85
1263,Taylor Swift,this is me trying,7kt9e9LFSpN1zQtYEl19o1,85
1264,Ariana Grande,Stuck with U (with Justin Bieber),4HBZA5flZLE435QTztThqH,93
1265,Taylor Swift,illicit affairs,2NmsngXHeC1GQ9wWrzhOMf,85
1266,Juice WRLD,Up Up And Away,5lcIegmdblnWqT9nS9EhZj,85
1267,Taylor Swift,betty,5kI4eCXXzyuIUXjQra0Cxi,84
1268,Lady Gaga,Rain On Me (with Ariana Grande),24ySl2hOPGCDcxBxFIqWBu,92
1269,Polo G,21,3JKgcAa7r07ocVWcV8bS0H,85
1270,Marshmello,Be Kind (with Halsey),3Z8FwOEN59mRMxDCtb8N0A,91
1271,Taylor Swift,mad woman,2QDyYdZyhlP2fp79KZX8Bi,84
1272,Juice WRLD,Man Of The Year,1uA914Md6wsy9NDryyBypH,84
1273,Juice WRLD,Fighting Demons,0jo6Nd4iJU0UFHqS0Xd4l4,84
1274,Juice WRLD,Tell Me U Luv Me (with Trippie Redd),7iIzwqG5UxPYwTYUUK4pzU,84
1275,Taylor Swift,epiphany,08fa9LFcFBTcilB3iq2e2A,83
1276,Jawsh 685,Savage Love (Laxed - Siren Beat),1xQ6trAsedVPCdbtDAmk0c,96
1277,Taylor Swift,peace,7MbT4I8qGntX4fMdqMQgke,83
1278,Future,Life Is Good (feat. Drake),5yY9lUy8nbvjM1Uyo1Uqoc,88
1279,6ix9ine,GOOBA,4NhDYoQTYCdWHTvlbGVgwo,91
1280,Juice WRLD,Screw Juice,2XSO13Gyndo7MDdtYibIxO,84
1281,Juice WRLD,Can't Die,6DuHcOuuGWXNvF3uocsrBa,84
1282,Taylor Swift,hoax,6MWoRt97mnSTXZhu3ggi9C,82
1283,Juice WRLD,I Want It,6RsRMf9e4KUyo3MecGffNL,83
1284,Pop Smoke,Got It On Me,25zlnOAzbVoOzIeXSvQFf1,86
1285,DJ Khaled,GREECE (feat. Drake),35RJhm1pEovTBwnNR0zWad,87
1286,Eminem,Godzilla (feat. Juice WRLD),7FIWs0pqAYbP91WWM0vlTQ,88
1287,Lil Uzi Vert,Myron,56uXDJRCuoS7abX3SkzHKQ,83
1288,BLACKPINK,How You Like That,3vAn0qZzdyuHamcrpkfiX3,89
1289,Lil Mosey,Blueberry Faygo,22LAwLoDA5b4AaGSkg6bKW,88
1290,iann dior,Prospect (ft. Lil Baby),4Zjdzxx0dsavsr7Ehr8fGE,82
1291,Tyla Yaweh,Tommy Lee (feat. Post Malone),5QZKcQDp0tCcvMdyqEciBV,84
1292,Curtis Waters,Stunnin' (feat. Harm Franklin),2D0dj3hVkRQJCp63cxCPEx,87
1293,Lil Baby,Emotionally Scarred,7ge7BHazYbVKi8qyZUX1Bm,82
1294,Diplo,Heartless (feat. Morgan Wallen),3FU6urUVsgXa6RBuV2PdRk,81
1295,Justin Bieber,Intentions,364dI1bYnvamSnBJ8JcNzN,87
1296,YNW Melly,Suicidal (Remix) [feat. Juice WRLD],4S2uhQE8L9V6p7rj7SiauJ,83
1297,G Herbo,PTSD,3jT2LKH0RSbQ8jIUNFzXm5,82
1298,Sleepy Hallow,Deep End Freestyle,4zTPYAf5scZdp0LnwPPeWK,83
1299,The Weeknd,In Your Eyes,7szuecWAPwGoV1e5vGu8tl,91
1300,Polo G,Flex (feat. Juice WRLD),2QqJTIlGKRLJC3onkavYEz,86
1301,Gunna,DOLLAZ ON MY HEAD (feat. Young Thug),3nS9a01VvXHQriLqJYwRqG,86
1302,Chris Brown,Go Crazy,1IIKrJVP1C9N7iPtG6eOsK,89
1303,The Kid LAROI,GO (feat. Juice WRLD),2t7D3y0jvYjR8IP9Bosyew,87
1304,Drake,Toosie Slide,127QTOFJsJQp5LbJbu3A1y,92
1305,Taylor Swift,mirrorball,0ZNU020wNYvgW84iljPkPP,85
1306,Juice WRLD,Titanic,1QoG0Yqz1onMsdbOibZVke,85
1307,Taylor Swift,seven,6KJqZcs9XDgVck7Lg9QOTC,85
1308,DJ Khaled,POPSTAR (feat. Drake),6EDO9iiTtwNv6waLwa1UUq,90
1309,Taylor Swift,invisible string,6VsvKPJ4xjVNKpI8VVZ3SV,85
1310,Juice WRLD,Bad Energy,0JoWBcL61YWLXM5vW0YTHO,85
1311,Juice WRLD,Stay High,1AnkdcHl86kEhDvhaKDuIe,85
1312,Taylor Swift,this is me trying,7kt9e9LFSpN1zQtYEl19o1,85
1313,Ariana Grande,Stuck with U (with Justin Bieber),4HBZA5flZLE435QTztThqH,93
1314,Taylor Swift,illicit affairs,2NmsngXHeC1GQ9wWrzhOMf,85
1315,Juice WRLD,Up Up And Away,5lcIegmdblnWqT9nS9EhZj,85
1316,Taylor Swift,betty,5kI4eCXXzyuIUXjQra0Cxi,84
1317,Lady Gaga,Rain On Me (with Ariana Grande),24ySl2hOPGCDcxBxFIqWBu,92
1318,Polo G,21,3JKgcAa7r07ocVWcV8bS0H,85
1319,Marshmello,Be Kind (with Halsey),3Z8FwOEN59mRMxDCtb8N0A,91
1320,Taylor Swift,mad woman,2QDyYdZyhlP2fp79KZX8Bi,84
1321,Juice WRLD,Man Of The Year,1uA914Md6wsy9NDryyBypH,84
1322,Juice WRLD,Fighting Demons,0jo6Nd4iJU0UFHqS0Xd4l4,84
1323,Juice WRLD,Tell Me U Luv Me (with Trippie Redd),7iIzwqG5UxPYwTYUUK4pzU,84
1324,Taylor Swift,epiphany,08fa9LFcFBTcilB3iq2e2A,83
1325,Jawsh 685,Savage Love (Laxed - Siren Beat),1xQ6trAsedVPCdbtDAmk0c,96
1326,Taylor Swift,peace,7MbT4I8qGntX4fMdqMQgke,83
1327,Future,Life Is Good (feat. Drake),5yY9lUy8nbvjM1Uyo1Uqoc,88
1328,6ix9ine,GOOBA,4NhDYoQTYCdWHTvlbGVgwo,91
1329,Juice WRLD,Screw Juice,2XSO13Gyndo7MDdtYibIxO,84
1330,Juice WRLD,Can't Die,6DuHcOuuGWXNvF3uocsrBa,84
1331,Taylor Swift,hoax,6MWoRt97mnSTXZhu3ggi9C,82
1332,Juice WRLD,I Want It,6RsRMf9e4KUyo3MecGffNL,83
1333,Pop Smoke,Got It On Me,25zlnOAzbVoOzIeXSvQFf1,86
1334,DJ Khaled,GREECE (feat. Drake),35RJhm1pEovTBwnNR0zWad,87
1335,Eminem,Godzilla (feat. Juice WRLD),7FIWs0pqAYbP91WWM0vlTQ,88
1336,Lil Uzi Vert,Myron,56uXDJRCuoS7abX3SkzHKQ,83
1337,BLACKPINK,How You Like That,3vAn0qZzdyuHamcrpkfiX3,89
1338,Lil Mosey,Blueberry Faygo,22LAwLoDA5b4AaGSkg6bKW,88
1339,iann dior,Prospect (ft. Lil Baby),4Zjdzxx0dsavsr7Ehr8fGE,82
1340,Tyla Yaweh,Tommy Lee (feat. Post Malone),5QZKcQDp0tCcvMdyqEciBV,84
1341,Curtis Waters,Stunnin' (feat. Harm Franklin),2D0dj3hVkRQJCp63cxCPEx,87
1342,Lil Baby,Emotionally Scarred,7ge7BHazYbVKi8qyZUX1Bm,82
1343,Diplo,Heartless (feat. Morgan Wallen),3FU6urUVsgXa6RBuV2PdRk,81
1344,Justin Bieber,Intentions,364dI1bYnvamSnBJ8JcNzN,87
1345,YNW Melly,Suicidal (Remix) [feat. Juice WRLD],4S2uhQE8L9V6p7rj7SiauJ,83
1346,G Herbo,PTSD,3jT2LKH0RSbQ8jIUNFzXm5,82
1347,Sleepy Hallow,Deep End Freestyle,4zTPYAf5scZdp0LnwPPeWK,83
1348,The Weeknd,In Your Eyes,7szuecWAPwGoV1e5vGu8tl,91
1349,NLE Choppa,Shotta Flow 5,1orjH4IkSH9VrWmRCToKV8,81
1350,Gunna,DOLLAZ ON MY HEAD (feat. Young Thug),3nS9a01VvXHQriLqJYwRqG,86
1351,Chris Brown,Go Crazy,1IIKrJVP1C9N7iPtG6eOsK,89
1352,The Kid LAROI,GO (feat. Juice WRLD),2t7D3y0jvYjR8IP9Bosyew,87
1353,Drake,Toosie Slide,127QTOFJsJQp5LbJbu3A1y,92
1354,Taylor Swift,mirrorball,0ZNU020wNYvgW84iljPkPP,85
1355,Juice WRLD,Titanic,1QoG0Yqz1onMsdbOibZVke,85
1356,Taylor Swift,seven,6KJqZcs9XDgVck7Lg9QOTC,85
1357,DJ Khaled,POPSTAR (feat. Drake),6EDO9iiTtwNv6waLwa1UUq,90
1358,Taylor Swift,invisible string,6VsvKPJ4xjVNKpI8VVZ3SV,85
1359,Juice WRLD,Bad Energy,0JoWBcL61YWLXM5vW0YTHO,85
1360,Juice WRLD,Stay High,1AnkdcHl86kEhDvhaKDuIe,85
1361,Taylor Swift,this is me trying,7kt9e9LFSpN1zQtYEl19o1,85
1362,Ariana Grande,Stuck with U (with Justin Bieber),4HBZA5flZLE435QTztThqH,93
1363,Taylor Swift,illicit affairs,2NmsngXHeC1GQ9wWrzhOMf,85
1364,Juice WRLD,Up Up And Away,5lcIegmdblnWqT9nS9EhZj,85
1365,Taylor Swift,betty,5kI4eCXXzyuIUXjQra0Cxi,84
1366,Lady Gaga,Rain On Me (with Ariana Grande),24ySl2hOPGCDcxBxFIqWBu,92
1367,Polo G,21,3JKgcAa7r07ocVWcV8bS0H,85
1368,Marshmello,Be Kind (with Halsey),3Z8FwOEN59mRMxDCtb8N0A,91
1369,Taylor Swift,mad woman,2QDyYdZyhlP2fp79KZX8Bi,84
1370,Juice WRLD,Man Of The Year,1uA914Md6wsy9NDryyBypH,84
1371,Juice WRLD,Fighting Demons,0jo6Nd4iJU0UFHqS0Xd4l4,84
1372,Juice WRLD,Tell Me U Luv Me (with Trippie Redd),7iIzwqG5UxPYwTYUUK4pzU,84
1373,Taylor Swift,epiphany,08fa9LFcFBTcilB3iq2e2A,83
1374,Jawsh 685,Savage Love (Laxed - Siren Beat),1xQ6trAsedVPCdbtDAmk0c,96
1375,Taylor Swift,peace,7MbT4I8qGntX4fMdqMQgke,83
1376,Future,Life Is Good (feat. Drake),5yY9lUy8nbvjM1Uyo1Uqoc,88
1377,6ix9ine,GOOBA,4NhDYoQTYCdWHTvlbGVgwo,91
1378,Juice WRLD,Screw Juice,2XSO13Gyndo7MDdtYibIxO,84
1379,Juice WRLD,Can't Die,6DuHcOuuGWXNvF3uocsrBa,84
1380,Taylor Swift,hoax,6MWoRt97mnSTXZhu3ggi9C,82
1381,Juice WRLD,I Want It,6RsRMf9e4KUyo3MecGffNL,83
1382,Pop Smoke,Got It On Me,25zlnOAzbVoOzIeXSvQFf1,86
1383,DJ Khaled,GREECE (feat. Drake),35RJhm1pEovTBwnNR0zWad,87
1384,Eminem,Godzilla (feat. Juice WRLD),7FIWs0pqAYbP91WWM0vlTQ,88
1385,Lil Uzi Vert,Myron,56uXDJRCuoS7abX3SkzHKQ,83
1386,BLACKPINK,How You Like That,3vAn0qZzdyuHamcrpkfiX3,89
1387,Lil Mosey,Blueberry Faygo,22LAwLoDA5b4AaGSkg6bKW,88
1388,iann dior,Prospect (ft. Lil Baby),4Zjdzxx0dsavsr7Ehr8fGE,82
1389,Tyla Yaweh,Tommy Lee (feat. Post Malone),5QZKcQDp0tCcvMdyqEciBV,84
1390,Curtis Waters,Stunnin' (feat. Harm Franklin),2D0dj3hVkRQJCp63cxCPEx,87
1391,Lil Baby,Emotionally Scarred,7ge7BHazYbVKi8qyZUX1Bm,82
1392,Diplo,Heartless (feat. Morgan Wallen),3FU6urUVsgXa6RBuV2PdRk,81
1393,Justin Bieber,Intentions,364dI1bYnvamSnBJ8JcNzN,87
1394,YNW Melly,Suicidal (Remix) [feat. Juice WRLD],4S2uhQE8L9V6p7rj7SiauJ,83
1395,G Herbo,PTSD,3jT2LKH0RSbQ8jIUNFzXm5,82
1396,Sleepy Hallow,Deep End Freestyle,4zTPYAf5scZdp0LnwPPeWK,83
1397,The Weeknd,In Your Eyes,7szuecWAPwGoV1e5vGu8tl,91
1398,NLE Choppa,Shotta Flow 5,1orjH4IkSH9VrWmRCToKV8,81
1399,$uicideBoy$,"...And To Those I Love, Thanks For Sticking Around",41LhQUkElADQ5YUbpYv2D0,83
1400,Chris Brown,Go Crazy,1IIKrJVP1C9N7iPtG6eOsK,89
1401,The Kid LAROI,GO (feat. Juice WRLD),2t7D3y0jvYjR8IP9Bosyew,87
1402,Drake,Toosie Slide,127QTOFJsJQp5LbJbu3A1y,92
1403,Taylor Swift,mirrorball,0ZNU020wNYvgW84iljPkPP,85
1404,Juice WRLD,Titanic,1QoG0Yqz1onMsdbOibZVke,85
1405,Taylor Swift,seven,6KJqZcs9XDgVck7Lg9QOTC,85
1406,DJ Khaled,POPSTAR (feat. Drake),6EDO9iiTtwNv6waLwa1UUq,90
1407,Taylor Swift,invisible string,6VsvKPJ4xjVNKpI8VVZ3SV,85
1408,Juice WRLD,Bad Energy,0JoWBcL61YWLXM5vW0YTHO,85
1409,Juice WRLD,Stay High,1AnkdcHl86kEhDvhaKDuIe,85
1410,Taylor Swift,this is me trying,7kt9e9LFSpN1zQtYEl19o1,85
1411,Ariana Grande,Stuck with U (with Justin Bieber),4HBZA5flZLE435QTztThqH,93
1412,Taylor Swift,illicit affairs,2NmsngXHeC1GQ9wWrzhOMf,85
1413,Juice WRLD,Up Up And Away,5lcIegmdblnWqT9nS9EhZj,85
1414,Taylor Swift,betty,5kI4eCXXzyuIUXjQra0Cxi,84
1415,Lady Gaga,Rain On Me (with Ariana Grande),24ySl2hOPGCDcxBxFIqWBu,92
1416,Polo G,21,3JKgcAa7r07ocVWcV8bS0H,85
1417,Marshmello,Be Kind (with Halsey),3Z8FwOEN59mRMxDCtb8N0A,91
1418,Taylor Swift,mad woman,2QDyYdZyhlP2fp79KZX8Bi,84
1419,Juice WRLD,Man Of The Year,1uA914Md6wsy9NDryyBypH,84
1420,Juice WRLD,Fighting Demons,0jo6Nd4iJU0UFHqS0Xd4l4,84
1421,Juice WRLD,Tell Me U Luv Me (with Trippie Redd),7iIzwqG5UxPYwTYUUK4pzU,84
1422,Taylor Swift,epiphany,08fa9LFcFBTcilB3iq2e2A,83
1423,Jawsh 685,Savage Love (Laxed - Siren Beat),1xQ6trAsedVPCdbtDAmk0c,96
1424,Taylor Swift,peace,7MbT4I8qGntX4fMdqMQgke,83
1425,Future,Life Is Good (feat. Drake),5yY9lUy8nbvjM1Uyo1Uqoc,88
1426,6ix9ine,GOOBA,4NhDYoQTYCdWHTvlbGVgwo,91
1427,Juice WRLD,Screw Juice,2XSO13Gyndo7MDdtYibIxO,84
1428,Juice WRLD,Can't Die,6DuHcOuuGWXNvF3uocsrBa,84
1429,Taylor Swift,hoax,6MWoRt97mnSTXZhu3ggi9C,82
1430,Juice WRLD,I Want It,6RsRMf9e4KUyo3MecGffNL,83
1431,Pop Smoke,Got It On Me,25zlnOAzbVoOzIeXSvQFf1,86
1432,DJ Khaled,GREECE (feat. Drake),35RJhm1pEovTBwnNR0zWad,87
1433,Eminem,Godzilla (feat. Juice WRLD),7FIWs0pqAYbP91WWM0vlTQ,88
1434,Lil Uzi Vert,Myron,56uXDJRCuoS7abX3SkzHKQ,83
1435,BLACKPINK,How You Like That,3vAn0qZzdyuHamcrpkfiX3,89
1436,Lil Mosey,Blueberry Faygo,22LAwLoDA5b4AaGSkg6bKW,88
1437,iann dior,Prospect (ft. Lil Baby),4Zjdzxx0dsavsr7Ehr8fGE,82
1438,Tyla Yaweh,Tommy Lee (feat. Post Malone),5QZKcQDp0tCcvMdyqEciBV,84
1439,Curtis Waters,Stunnin' (feat. Harm Franklin),2D0dj3hVkRQJCp63cxCPEx,87
1440,Lil Baby,Emotionally Scarred,7ge7BHazYbVKi8qyZUX1Bm,82
1441,Diplo,Heartless (feat. Morgan Wallen),3FU6urUVsgXa6RBuV2PdRk,81
1442,Justin Bieber,Intentions,364dI1bYnvamSnBJ8JcNzN,87
1443,YNW Melly,Suicidal (Remix) [feat. Juice WRLD],4S2uhQE8L9V6p7rj7SiauJ,83
1444,G Herbo,PTSD,3jT2LKH0RSbQ8jIUNFzXm5,82
1445,Sleepy Hallow,Deep End Freestyle,4zTPYAf5scZdp0LnwPPeWK,83
1446,The Weeknd,In Your Eyes,7szuecWAPwGoV1e5vGu8tl,91
1447,NLE Choppa,Shotta Flow 5,1orjH4IkSH9VrWmRCToKV8,81
1448,$uicideBoy$,"...And To Those I Love, Thanks For Sticking Around",41LhQUkElADQ5YUbpYv2D0,83
1449,Dua Lipa,Break My Heart,1raaNykBg1bDnWENUiglUA,88
1450,The Kid LAROI,GO (feat. Juice WRLD),2t7D3y0jvYjR8IP9Bosyew,87
1451,Drake,Toosie Slide,127QTOFJsJQp5LbJbu3A1y,92
1452,Taylor Swift,mirrorball,0ZNU020wNYvgW84iljPkPP,85
1453,Juice WRLD,Titanic,1QoG0Yqz1onMsdbOibZVke,85
1454,Taylor Swift,seven,6KJqZcs9XDgVck7Lg9QOTC,85
1455,DJ Khaled,POPSTAR (feat. Drake),6EDO9iiTtwNv6waLwa1UUq,90
1456,Taylor Swift,invisible string,6VsvKPJ4xjVNKpI8VVZ3SV,85
1457,Juice WRLD,Bad Energy,0JoWBcL61YWLXM5vW0YTHO,85
1458,Juice WRLD,Stay High,1AnkdcHl86kEhDvhaKDuIe,85
1459,Taylor Swift,this is me trying,7kt9e9LFSpN1zQtYEl19o1,85
1460,Ariana Grande,Stuck with U (with Justin Bieber),4HBZA5flZLE435QTztThqH,93
1461,Taylor Swift,illicit affairs,2NmsngXHeC1GQ9wWrzhOMf,85
1462,Juice WRLD,Up Up And Away,5lcIegmdblnWqT9nS9EhZj,85
1463,Taylor Swift,betty,5kI4eCXXzyuIUXjQra0Cxi,84
1464,Lady Gaga,Rain On Me (with Ariana Grande),24ySl2hOPGCDcxBxFIqWBu,92
1465,Polo G,21,3JKgcAa7r07ocVWcV8bS0H,85
1466,Marshmello,Be Kind (with Halsey),3Z8FwOEN59mRMxDCtb8N0A,91
1467,Taylor Swift,mad woman,2QDyYdZyhlP2fp79KZX8Bi,84
1468,Juice WRLD,Man Of The Year,1uA914Md6wsy9NDryyBypH,84
1469,Juice WRLD,Fighting Demons,0jo6Nd4iJU0UFHqS0Xd4l4,84
1470,Juice WRLD,Tell Me U Luv Me (with Trippie Redd),7iIzwqG5UxPYwTYUUK4pzU,84
1471,Taylor Swift,epiphany,08fa9LFcFBTcilB3iq2e2A,83
1472,Jawsh 685,Savage Love (Laxed - Siren Beat),1xQ6trAsedVPCdbtDAmk0c,96
1473,Taylor Swift,peace,7MbT4I8qGntX4fMdqMQgke,83
1474,Future,Life Is Good (feat. Drake),5yY9lUy8nbvjM1Uyo1Uqoc,88
1475,6ix9ine,GOOBA,4NhDYoQTYCdWHTvlbGVgwo,91
1476,Juice WRLD,Screw Juice,2XSO13Gyndo7MDdtYibIxO,84
1477,Juice WRLD,Can't Die,6DuHcOuuGWXNvF3uocsrBa,84
1478,Taylor Swift,hoax,6MWoRt97mnSTXZhu3ggi9C,82
1479,Juice WRLD,I Want It,6RsRMf9e4KUyo3MecGffNL,83
1480,Pop Smoke,Got It On Me,25zlnOAzbVoOzIeXSvQFf1,86
1481,DJ Khaled,GREECE (feat. Drake),35RJhm1pEovTBwnNR0zWad,87
1482,Eminem,Godzilla (feat. Juice WRLD),7FIWs0pqAYbP91WWM0vlTQ,88
1483,Lil Uzi Vert,Myron,56uXDJRCuoS7abX3SkzHKQ,83
1484,BLACKPINK,How You Like That,3vAn0qZzdyuHamcrpkfiX3,89
1485,Lil Mosey,Blueberry Faygo,22LAwLoDA5b4AaGSkg6bKW,88
1486,iann dior,Prospect (ft. Lil Baby),4Zjdzxx0dsavsr7Ehr8fGE,82
1487,Tyla Yaweh,Tommy Lee (feat. Post Malone),5QZKcQDp0tCcvMdyqEciBV,84
1488,Curtis Waters,Stunnin' (feat. Harm Franklin),2D0dj3hVkRQJCp63cxCPEx,87
1489,Lil Baby,Emotionally Scarred,7ge7BHazYbVKi8qyZUX1Bm,82
1490,Diplo,Heartless (feat. Morgan Wallen),3FU6urUVsgXa6RBuV2PdRk,81
1491,Justin Bieber,Intentions,364dI1bYnvamSnBJ8JcNzN,87
1492,YNW Melly,Suicidal (Remix) [feat. Juice WRLD],4S2uhQE8L9V6p7rj7SiauJ,83
1493,G Herbo,PTSD,3jT2LKH0RSbQ8jIUNFzXm5,82
1494,Sleepy Hallow,Deep End Freestyle,4zTPYAf5scZdp0LnwPPeWK,83
1495,The Weeknd,In Your Eyes,7szuecWAPwGoV1e5vGu8tl,91
1496,NLE Choppa,Shotta Flow 5,1orjH4IkSH9VrWmRCToKV8,81
1497,$uicideBoy$,"...And To Those I Love, Thanks For Sticking Around",41LhQUkElADQ5YUbpYv2D0,83
1498,Dua Lipa,Break My Heart,1raaNykBg1bDnWENUiglUA,88
1499,Morgan Wallen,More Than My Hometown,6FniJZn4agmDtPx1pKZQsa,79
1500,Drake,Toosie Slide,127QTOFJsJQp5LbJbu3A1y,92
1501,Taylor Swift,mirrorball,0ZNU020wNYvgW84iljPkPP,85
1502,Juice WRLD,Titanic,1QoG0Yqz1onMsdbOibZVke,85
1503,Taylor Swift,seven,6KJqZcs9XDgVck7Lg9QOTC,85
1504,DJ Khaled,POPSTAR (feat. Drake),6EDO9iiTtwNv6waLwa1UUq,90
1505,Taylor Swift,invisible string,6VsvKPJ4xjVNKpI8VVZ3SV,85
1506,Juice WRLD,Bad Energy,0JoWBcL61YWLXM5vW0YTHO,85
1507,Juice WRLD,Stay High,1AnkdcHl86kEhDvhaKDuIe,85
1508,Taylor Swift,this is me trying,7kt9e9LFSpN1zQtYEl19o1,85
1509,Ariana Grande,Stuck with U (with Justin Bieber),4HBZA5flZLE435QTztThqH,93
1510,Taylor Swift,illicit affairs,2NmsngXHeC1GQ9wWrzhOMf,85
1511,Juice WRLD,Up Up And Away,5lcIegmdblnWqT9nS9EhZj,85
1512,Taylor Swift,betty,5kI4eCXXzyuIUXjQra0Cxi,84
1513,Lady Gaga,Rain On Me (with Ariana Grande),24ySl2hOPGCDcxBxFIqWBu,92
1514,Polo G,21,3JKgcAa7r07ocVWcV8bS0H,85
1515,Marshmello,Be Kind (with Halsey),3Z8FwOEN59mRMxDCtb8N0A,91
1516,Taylor Swift,mad woman,2QDyYdZyhlP2fp79KZX8Bi,84
1517,Juice WRLD,Man Of The Year,1uA914Md6wsy9NDryyBypH,84
1518,Juice WRLD,Fighting Demons,0jo6Nd4iJU0UFHqS0Xd4l4,84
1519,Juice WRLD,Tell Me U Luv Me (with Trippie Redd),7iIzwqG5UxPYwTYUUK4pzU,84
1520,Taylor Swift,epiphany,08fa9LFcFBTcilB3iq2e2A,83
1521,Jawsh 685,Savage Love (Laxed - Siren Beat),1xQ6trAsedVPCdbtDAmk0c,96
1522,Taylor Swift,peace,7MbT4I8qGntX4fMdqMQgke,83
1523,Future,Life Is Good (feat. Drake),5yY9lUy8nbvjM1Uyo1Uqoc,88
1524,6ix9ine,GOOBA,4NhDYoQTYCdWHTvlbGVgwo,91
1525,Juice WRLD,Screw Juice,2XSO13Gyndo7MDdtYibIxO,84
1526,Juice WRLD,Can't Die,6DuHcOuuGWXNvF3uocsrBa,84
1527,Taylor Swift,hoax,6MWoRt97mnSTXZhu3ggi9C,82
1528,Juice WRLD,I Want It,6RsRMf9e4KUyo3MecGffNL,83
1529,Pop Smoke,Got It On Me,25zlnOAzbVoOzIeXSvQFf1,86
1530,DJ Khaled,GREECE (feat. Drake),35RJhm1pEovTBwnNR0zWad,87
1531,Eminem,Godzilla (feat. Juice WRLD),7FIWs0pqAYbP91WWM0vlTQ,88
1532,Lil Uzi Vert,Myron,56uXDJRCuoS7abX3SkzHKQ,83
1533,BLACKPINK,How You Like That,3vAn0qZzdyuHamcrpkfiX3,89
1534,Lil Mosey,Blueberry Faygo,22LAwLoDA5b4AaGSkg6bKW,88
1535,iann dior,Prospect (ft. Lil Baby),4Zjdzxx0dsavsr7Ehr8fGE,82
1536,Tyla Yaweh,Tommy Lee (feat. Post Malone),5QZKcQDp0tCcvMdyqEciBV,84
1537,Curtis Waters,Stunnin' (feat. Harm Franklin),2D0dj3hVkRQJCp63cxCPEx,87
1538,Lil Baby,Emotionally Scarred,7ge7BHazYbVKi8qyZUX1Bm,82
1539,Diplo,Heartless (feat. Morgan Wallen),3FU6urUVsgXa6RBuV2PdRk,81
1540,Justin Bieber,Intentions,364dI1bYnvamSnBJ8JcNzN,87
1541,YNW Melly,Suicidal (Remix) [feat. Juice WRLD],4S2uhQE8L9V6p7rj7SiauJ,83
1542,G Herbo,PTSD,3jT2LKH0RSbQ8jIUNFzXm5,82
1543,Sleepy Hallow,Deep End Freestyle,4zTPYAf5scZdp0LnwPPeWK,83
1544,The Weeknd,In Your Eyes,7szuecWAPwGoV1e5vGu8tl,91
1545,NLE Choppa,Shotta Flow 5,1orjH4IkSH9VrWmRCToKV8,81
1546,$uicideBoy$,"...And To Those I Love, Thanks For Sticking Around",41LhQUkElADQ5YUbpYv2D0,83
1547,Dua Lipa,Break My Heart,1raaNykBg1bDnWENUiglUA,88
1548,Morgan Wallen,More Than My Hometown,6FniJZn4agmDtPx1pKZQsa,79
1549,Jawsh 685,Savage Love (Laxed - Siren Beat),5T490vvoFNU6psep0NPmxs,88
1550,Taylor Swift,mirrorball,0ZNU020wNYvgW84iljPkPP,85
1551,Juice WRLD,Titanic,1QoG0Yqz1onMsdbOibZVke,85
1552,Taylor Swift,seven,6KJqZcs9XDgVck7Lg9QOTC,85
1553,DJ Khaled,POPSTAR (feat. Drake),6EDO9iiTtwNv6waLwa1UUq,90
1554,Taylor Swift,invisible string,6VsvKPJ4xjVNKpI8VVZ3SV,85
1555,Juice WRLD,Bad Energy,0JoWBcL61YWLXM5vW0YTHO,85
1556,Juice WRLD,Stay High,1AnkdcHl86kEhDvhaKDuIe,85
1557,Taylor Swift,this is me trying,7kt9e9LFSpN1zQtYEl19o1,85
1558,Ariana Grande,Stuck with U (with Justin Bieber),4HBZA5flZLE435QTztThqH,93
1559,Taylor Swift,illicit affairs,2NmsngXHeC1GQ9wWrzhOMf,85
1560,Juice WRLD,Up Up And Away,5lcIegmdblnWqT9nS9EhZj,85
1561,Taylor Swift,betty,5kI4eCXXzyuIUXjQra0Cxi,84
1562,Lady Gaga,Rain On Me (with Ariana Grande),24ySl2hOPGCDcxBxFIqWBu,92
1563,Polo G,21,3JKgcAa7r07ocVWcV8bS0H,85
1564,Marshmello,Be Kind (with Halsey),3Z8FwOEN59mRMxDCtb8N0A,91
1565,Taylor Swift,mad woman,2QDyYdZyhlP2fp79KZX8Bi,84
1566,Juice WRLD,Man Of The Year,1uA914Md6wsy9NDryyBypH,84
1567,Juice WRLD,Fighting Demons,0jo6Nd4iJU0UFHqS0Xd4l4,84
1568,Juice WRLD,Tell Me U Luv Me (with Trippie Redd),7iIzwqG5UxPYwTYUUK4pzU,84
1569,Taylor Swift,epiphany,08fa9LFcFBTcilB3iq2e2A,83
1570,Jawsh 685,Savage Love (Laxed - Siren Beat),1xQ6trAsedVPCdbtDAmk0c,96
1571,Taylor Swift,peace,7MbT4I8qGntX4fMdqMQgke,83
1572,Future,Life Is Good (feat. Drake),5yY9lUy8nbvjM1Uyo1Uqoc,88
1573,6ix9ine,GOOBA,4NhDYoQTYCdWHTvlbGVgwo,91
1574,Juice WRLD,Screw Juice,2XSO13Gyndo7MDdtYibIxO,84
1575,Juice WRLD,Can't Die,6DuHcOuuGWXNvF3uocsrBa,84
1576,Taylor Swift,hoax,6MWoRt97mnSTXZhu3ggi9C,82
1577,Juice WRLD,I Want It,6RsRMf9e4KUyo3MecGffNL,83
1578,Pop Smoke,Got It On Me,25zlnOAzbVoOzIeXSvQFf1,86
1579,DJ Khaled,GREECE (feat. Drake),35RJhm1pEovTBwnNR0zWad,87
1580,Eminem,Godzilla (feat. Juice WRLD),7FIWs0pqAYbP91WWM0vlTQ,88
1581,Lil Uzi Vert,Myron,56uXDJRCuoS7abX3SkzHKQ,83
1582,BLACKPINK,How You Like That,3vAn0qZzdyuHamcrpkfiX3,89
1583,Lil Mosey,Blueberry Faygo,22LAwLoDA5b4AaGSkg6bKW,88
1584,iann dior,Prospect (ft. Lil Baby),4Zjdzxx0dsavsr7Ehr8fGE,82
1585,Tyla Yaweh,Tommy Lee (feat. Post Malone),5QZKcQDp0tCcvMdyqEciBV,84
1586,Curtis Waters,Stunnin' (feat. Harm Franklin),2D0dj3hVkRQJCp63cxCPEx,87
1587,Lil Baby,Emotionally Scarred,7ge7BHazYbVKi8qyZUX1Bm,82
1588,Diplo,Heartless (feat. Morgan Wallen),3FU6urUVsgXa6RBuV2PdRk,81
1589,Justin Bieber,Intentions,364dI1bYnvamSnBJ8JcNzN,87
1590,YNW Melly,Suicidal (Remix) [feat. Juice WRLD],4S2uhQE8L9V6p7rj7SiauJ,83
1591,G Herbo,PTSD,3jT2LKH0RSbQ8jIUNFzXm5,82
1592,Sleepy Hallow,Deep End Freestyle,4zTPYAf5scZdp0LnwPPeWK,83
1593,The Weeknd,In Your Eyes,7szuecWAPwGoV1e5vGu8tl,91
1594,NLE Choppa,Shotta Flow 5,1orjH4IkSH9VrWmRCToKV8,81
1595,$uicideBoy$,"...And To Those I Love, Thanks For Sticking Around",41LhQUkElADQ5YUbpYv2D0,83
1596,Dua Lipa,Break My Heart,1raaNykBg1bDnWENUiglUA,88
1597,Morgan Wallen,More Than My Hometown,6FniJZn4agmDtPx1pKZQsa,79
1598,Jawsh 685,Savage Love (Laxed - Siren Beat),5T490vvoFNU6psep0NPmxs,88
1599,Lil Uzi Vert,P2,3kW4z2pIj5VY5fLjBrMRL5,82
1600,Juice WRLD,Titanic,1QoG0Yqz1onMsdbOibZVke,85
1601,Taylor Swift,seven,6KJqZcs9XDgVck7Lg9QOTC,85
1602,DJ Khaled,POPSTAR (feat. Drake),6EDO9iiTtwNv6waLwa1UUq,90
1603,Taylor Swift,invisible string,6VsvKPJ4xjVNKpI8VVZ3SV,85
1604,Juice WRLD,Bad Energy,0JoWBcL61YWLXM5vW0YTHO,85
1605,Juice WRLD,Stay High,1AnkdcHl86kEhDvhaKDuIe,85
1606,Taylor Swift,this is me trying,7kt9e9LFSpN1zQtYEl19o1,85
1607,Ariana Grande,Stuck with U (with Justin Bieber),4HBZA5flZLE435QTztThqH,93
1608,Taylor Swift,illicit affairs,2NmsngXHeC1GQ9wWrzhOMf,85
1609,Juice WRLD,Up Up And Away,5lcIegmdblnWqT9nS9EhZj,85
1610,Taylor Swift,betty,5kI4eCXXzyuIUXjQra0Cxi,84
1611,Lady Gaga,Rain On Me (with Ariana Grande),24ySl2hOPGCDcxBxFIqWBu,92
1612,Polo G,21,3JKgcAa7r07ocVWcV8bS0H,85
1613,Marshmello,Be Kind (with Halsey),3Z8FwOEN59mRMxDCtb8N0A,91
1614,Taylor Swift,mad woman,2QDyYdZyhlP2fp79KZX8Bi,84
1615,Juice WRLD,Man Of The Year,1uA914Md6wsy9NDryyBypH,84
1616,Juice WRLD,Fighting Demons,0jo6Nd4iJU0UFHqS0Xd4l4,84
1617,Juice WRLD,Tell Me U Luv Me (with Trippie Redd),7iIzwqG5UxPYwTYUUK4pzU,84
1618,Taylor Swift,epiphany,08fa9LFcFBTcilB3iq2e2A,83
1619,Jawsh 685,Savage Love (Laxed - Siren Beat),1xQ6trAsedVPCdbtDAmk0c,96
1620,Taylor Swift,peace,7MbT4I8qGntX4fMdqMQgke,83
1621,Future,Life Is Good (feat. Drake),5yY9lUy8nbvjM1Uyo1Uqoc,88
1622,6ix9ine,GOOBA,4NhDYoQTYCdWHTvlbGVgwo,91
1623,Juice WRLD,Screw Juice,2XSO13Gyndo7MDdtYibIxO,84
1624,Juice WRLD,Can't Die,6DuHcOuuGWXNvF3uocsrBa,84
1625,Taylor Swift,hoax,6MWoRt97mnSTXZhu3ggi9C,82
1626,Juice WRLD,I Want It,6RsRMf9e4KUyo3MecGffNL,83
1627,Pop Smoke,Got It On Me,25zlnOAzbVoOzIeXSvQFf1,86
1628,DJ Khaled,GREECE (feat. Drake),35RJhm1pEovTBwnNR0zWad,87
1629,Eminem,Godzilla (feat. Juice WRLD),7FIWs0pqAYbP91WWM0vlTQ,88
1630,Lil Uzi Vert,Myron,56uXDJRCuoS7abX3SkzHKQ,83
1631,BLACKPINK,How You Like That,3vAn0qZzdyuHamcrpkfiX3,89
1632,Lil Mosey,Blueberry Faygo,22LAwLoDA5b4AaGSkg6bKW,88
1633,iann dior,Prospect (ft. Lil Baby),4Zjdzxx0dsavsr7Ehr8fGE,82
1634,Tyla Yaweh,Tommy Lee (feat. Post Malone),5QZKcQDp0tCcvMdyqEciBV,84
1635,Curtis Waters,Stunnin' (feat. Harm Franklin),2D0dj3hVkRQJCp63cxCPEx,87
1636,Lil Baby,Emotionally Scarred,7ge7BHazYbVKi8qyZUX1Bm,82
1637,Diplo,Heartless (feat. Morgan Wallen),3FU6urUVsgXa6RBuV2PdRk,81
1638,Justin Bieber,Intentions,364dI1bYnvamSnBJ8JcNzN,87
1639,YNW Melly,Suicidal (Remix) [feat. Juice WRLD],4S2uhQE8L9V6p7rj7SiauJ,83
1640,G Herbo,PTSD,3jT2LKH0RSbQ8jIUNFzXm5,82
1641,Sleepy Hallow,Deep End Freestyle,4zTPYAf5scZdp0LnwPPeWK,83
1642,The Weeknd,In Your Eyes,7szuecWAPwGoV1e5vGu8tl,91
1643,NLE Choppa,Shotta Flow 5,1orjH4IkSH9VrWmRCToKV8,81
1644,$uicideBoy$,"...And To Those I Love, Thanks For Sticking Around",41LhQUkElADQ5YUbpYv2D0,83
1645,Dua Lipa,Break My Heart,1raaNykBg1bDnWENUiglUA,88
1646,Morgan Wallen,More Than My Hometown,6FniJZn4agmDtPx1pKZQsa,79
1647,Jawsh 685,Savage Love (Laxed - Siren Beat),5T490vvoFNU6psep0NPmxs,88
1648,Lil Uzi Vert,P2,3kW4z2pIj5VY5fLjBrMRL5,82
1649,Megan Thee Stallion,Girls in the Hood,6WbTTAGKrQtCQvmc5BuYfh,80
1650,Taylor Swift,seven,6KJqZcs9XDgVck7Lg9QOTC,85
1651,DJ Khaled,POPSTAR (feat. Drake),6EDO9iiTtwNv6waLwa1UUq,90
1652,Taylor Swift,invisible string,6VsvKPJ4xjVNKpI8VVZ3SV,85
1653,Juice WRLD,Bad Energy,0JoWBcL61YWLXM5vW0YTHO,85
1654,Juice WRLD,Stay High,1AnkdcHl86kEhDvhaKDuIe,85
1655,Taylor Swift,this is me trying,7kt9e9LFSpN1zQtYEl19o1,85
1656,Ariana Grande,Stuck with U (with Justin Bieber),4HBZA5flZLE435QTztThqH,93
1657,Taylor Swift,illicit affairs,2NmsngXHeC1GQ9wWrzhOMf,85
1658,Juice WRLD,Up Up And Away,5lcIegmdblnWqT9nS9EhZj,85
1659,Taylor Swift,betty,5kI4eCXXzyuIUXjQra0Cxi,84
1660,Lady Gaga,Rain On Me (with Ariana Grande),24ySl2hOPGCDcxBxFIqWBu,92
1661,Polo G,21,3JKgcAa7r07ocVWcV8bS0H,85
1662,Marshmello,Be Kind (with Halsey),3Z8FwOEN59mRMxDCtb8N0A,91
1663,Taylor Swift,mad woman,2QDyYdZyhlP2fp79KZX8Bi,84
1664,Juice WRLD,Man Of The Year,1uA914Md6wsy9NDryyBypH,84
1665,Juice WRLD,Fighting Demons,0jo6Nd4iJU0UFHqS0Xd4l4,84
1666,Juice WRLD,Tell Me U Luv Me (with Trippie Redd),7iIzwqG5UxPYwTYUUK4pzU,84
1667,Taylor Swift,epiphany,08fa9LFcFBTcilB3iq2e2A,83
1668,Jawsh 685,Savage Love (Laxed - Siren Beat),1xQ6trAsedVPCdbtDAmk0c,96
1669,Taylor Swift,peace,7MbT4I8qGntX4fMdqMQgke,83
1670,Future,Life Is Good (feat. Drake),5yY9lUy8nbvjM1Uyo1Uqoc,88
1671,6ix9ine,GOOBA,4NhDYoQTYCdWHTvlbGVgwo,91
1672,Juice WRLD,Screw Juice,2XSO13Gyndo7MDdtYibIxO,84
1673,Juice WRLD,Can't Die,6DuHcOuuGWXNvF3uocsrBa,84
1674,Taylor Swift,hoax,6MWoRt97mnSTXZhu3ggi9C,82
1675,Juice WRLD,I Want It,6RsRMf9e4KUyo3MecGffNL,83
1676,Pop Smoke,Got It On Me,25zlnOAzbVoOzIeXSvQFf1,86
1677,DJ Khaled,GREECE (feat. Drake),35RJhm1pEovTBwnNR0zWad,87
1678,Eminem,Godzilla (feat. Juice WRLD),7FIWs0pqAYbP91WWM0vlTQ,88
1679,Lil Uzi Vert,Myron,56uXDJRCuoS7abX3SkzHKQ,83
1680,BLACKPINK,How You Like That,3vAn0qZzdyuHamcrpkfiX3,89
1681,Lil Mosey,Blueberry Faygo,22LAwLoDA5b4AaGSkg6bKW,88
1682,iann dior,Prospect (ft. Lil Baby),4Zjdzxx0dsavsr7Ehr8fGE,82
1683,Tyla Yaweh,Tommy Lee (feat. Post Malone),5QZKcQDp0tCcvMdyqEciBV,84
1684,Curtis Waters,Stunnin' (feat. Harm Franklin),2D0dj3hVkRQJCp63cxCPEx,87
1685,Lil Baby,Emotionally Scarred,7ge7BHazYbVKi8qyZUX1Bm,82
1686,Diplo,Heartless (feat. Morgan Wallen),3FU6urUVsgXa6RBuV2PdRk,81
1687,Justin Bieber,Intentions,364dI1bYnvamSnBJ8JcNzN,87
1688,YNW Melly,Suicidal (Remix) [feat. Juice WRLD],4S2uhQE8L9V6p7rj7SiauJ,83
1689,G Herbo,PTSD,3jT2LKH0RSbQ8jIUNFzXm5,82
1690,Sleepy Hallow,Deep End Freestyle,4zTPYAf5scZdp0LnwPPeWK,83
1691,The Weeknd,In Your Eyes,7szuecWAPwGoV1e5vGu8tl,91
1692,NLE Choppa,Shotta Flow 5,1orjH4IkSH9VrWmRCToKV8,81
1693,$uicideBoy$,"...And To Those I Love, Thanks For Sticking Around",41LhQUkElADQ5YUbpYv2D0,83
1694,Dua Lipa,Break My Heart,1raaNykBg1bDnWENUiglUA,88
1695,Morgan Wallen,More Than My Hometown,6FniJZn4agmDtPx1pKZQsa,79
1696,Jawsh 685,Savage Love (Laxed - Siren Beat),5T490vvoFNU6psep0NPmxs,88
1697,Lil Uzi Vert,P2,3kW4z2pIj5VY5fLjBrMRL5,82
1698,Megan Thee Stallion,Girls in the Hood,6WbTTAGKrQtCQvmc5BuYfh,80
1699,Conan Gray,Heather,4xqrdfXkTW4T0RauPLv3WA,84
1700,DJ Khaled,POPSTAR (feat. Drake),6EDO9iiTtwNv6waLwa1UUq,90
1701,Taylor Swift,invisible string,6VsvKPJ4xjVNKpI8VVZ3SV,85
1702,Juice WRLD,Bad Energy,0JoWBcL61YWLXM5vW0YTHO,85
1703,Juice WRLD,Stay High,1AnkdcHl86kEhDvhaKDuIe,85
1704,Taylor Swift,this is me trying,7kt9e9LFSpN1zQtYEl19o1,85
1705,Ariana Grande,Stuck with U (with Justin Bieber),4HBZA5flZLE435QTztThqH,93
1706,Taylor Swift,illicit affairs,2NmsngXHeC1GQ9wWrzhOMf,85
1707,Juice WRLD,Up Up And Away,5lcIegmdblnWqT9nS9EhZj,85
1708,Taylor Swift,betty,5kI4eCXXzyuIUXjQra0Cxi,84
1709,Lady Gaga,Rain On Me (with Ariana Grande),24ySl2hOPGCDcxBxFIqWBu,92
1710,Polo G,21,3JKgcAa7r07ocVWcV8bS0H,85
1711,Marshmello,Be Kind (with Halsey),3Z8FwOEN59mRMxDCtb8N0A,91
1712,Taylor Swift,mad woman,2QDyYdZyhlP2fp79KZX8Bi,84
1713,Juice WRLD,Man Of The Year,1uA914Md6wsy9NDryyBypH,84
1714,Juice WRLD,Fighting Demons,0jo6Nd4iJU0UFHqS0Xd4l4,84
1715,Juice WRLD,Tell Me U Luv Me (with Trippie Redd),7iIzwqG5UxPYwTYUUK4pzU,84
1716,Taylor Swift,epiphany,08fa9LFcFBTcilB3iq2e2A,83
1717,Jawsh 685,Savage Love (Laxed - Siren Beat),1xQ6trAsedVPCdbtDAmk0c,96
1718,Taylor Swift,peace,7MbT4I8qGntX4fMdqMQgke,83
1719,Future,Life Is Good (feat. Drake),5yY9lUy8nbvjM1Uyo1Uqoc,88
1720,6ix9ine,GOOBA,4NhDYoQTYCdWHTvlbGVgwo,91
1721,Juice WRLD,Screw Juice,2XSO13Gyndo7MDdtYibIxO,84
1722,Juice WRLD,Can't Die,6DuHcOuuGWXNvF3uocsrBa,84
1723,Taylor Swift,hoax,6MWoRt97mnSTXZhu3ggi9C,82
1724,Juice WRLD,I Want It,6RsRMf9e4KUyo3MecGffNL,83
1725,Pop Smoke,Got It On Me,25zlnOAzbVoOzIeXSvQFf1,86
1726,DJ Khaled,GREECE (feat. Drake),35RJhm1pEovTBwnNR0zWad,87
1727,Eminem,Godzilla (feat. Juice WRLD),7FIWs0pqAYbP91WWM0vlTQ,88
1728,Lil Uzi Vert,Myron,56uXDJRCuoS7abX3SkzHKQ,83
1729,BLACKPINK,How You Like That,3vAn0qZzdyuHamcrpkfiX3,89
1730,Lil Mosey,Blueberry Faygo,22LAwLoDA5b4AaGSkg6bKW,88
1731,iann dior,Prospect (ft. Lil Baby),4Zjdzxx0dsavsr7Ehr8fGE,82
1732,Tyla Yaweh,Tommy Lee (feat. Post Malone),5QZKcQDp0tCcvMdyqEciBV,84
1733,Curtis Waters,Stunnin' (feat. Harm Franklin),2D0dj3hVkRQJCp63cxCPEx,87
1734,Lil Baby,Emotionally Scarred,7ge7BHazYbVKi8qyZUX1Bm,82
1735,Diplo,Heartless (feat. Morgan Wallen),3FU6urUVsgXa6RBuV2PdRk,81
1736,Justin Bieber,Intentions,364dI1bYnvamSnBJ8JcNzN,87
1737,YNW Melly,Suicidal (Remix) [feat. Juice WRLD],4S2uhQE8L9V6p7rj7SiauJ,83
1738,G Herbo,PTSD,3jT2LKH0RSbQ8jIUNFzXm5,82
1739,Sleepy Hallow,Deep End Freestyle,4zTPYAf5scZdp0LnwPPeWK,83
1740,The Weeknd,In Your Eyes,7szuecWAPwGoV1e5vGu8tl,91
1741,NLE Choppa,Shotta Flow 5,1orjH4IkSH9VrWmRCToKV8,81
1742,$uicideBoy$,"...And To Those I Love, Thanks For Sticking Around",41LhQUkElADQ5YUbpYv2D0,83
1743,Dua Lipa,Break My Heart,1raaNykBg1bDnWENUiglUA,88
1744,Morgan Wallen,More Than My Hometown,6FniJZn4agmDtPx1pKZQsa,79
1745,Jawsh 685,Savage Love (Laxed - Siren Beat),5T490vvoFNU6psep0NPmxs,88
1746,Lil Uzi Vert,P2,3kW4z2pIj5VY5fLjBrMRL5,82
1747,Megan Thee Stallion,Girls in the Hood,6WbTTAGKrQtCQvmc5BuYfh,80
1748,Conan Gray,Heather,4xqrdfXkTW4T0RauPLv3WA,84
1749,ROSALÍA,TKN (feat. Travis Scott),4w47S36wQGBhGg073q3nt7,92
1750,Taylor Swift,invisible string,6VsvKPJ4xjVNKpI8VVZ3SV,85
1751,Juice WRLD,Bad Energy,0JoWBcL61YWLXM5vW0YTHO,85
1752,Juice WRLD,Stay High,1AnkdcHl86kEhDvhaKDuIe,85
1753,Taylor Swift,this is me trying,7kt9e9LFSpN1zQtYEl19o1,85
1754,Ariana Grande,Stuck with U (with Justin Bieber),4HBZA5flZLE435QTztThqH,93
1755,Taylor Swift,illicit affairs,2NmsngXHeC1GQ9wWrzhOMf,85
1756,Juice WRLD,Up Up And Away,5lcIegmdblnWqT9nS9EhZj,85
1757,Taylor Swift,betty,5kI4eCXXzyuIUXjQra0Cxi,84
1758,Lady Gaga,Rain On Me (with Ariana Grande),24ySl2hOPGCDcxBxFIqWBu,92
1759,Polo G,21,3JKgcAa7r07ocVWcV8bS0H,85
1760,Marshmello,Be Kind (with Halsey),3Z8FwOEN59mRMxDCtb8N0A,91
1761,Taylor Swift,mad woman,2QDyYdZyhlP2fp79KZX8Bi,84
1762,Juice WRLD,Man Of The Year,1uA914Md6wsy9NDryyBypH,84
1763,Juice WRLD,Fighting Demons,0jo6Nd4iJU0UFHqS0Xd4l4,84
1764,Juice WRLD,Tell Me U Luv Me (with Trippie Redd),7iIzwqG5UxPYwTYUUK4pzU,84
1765,Taylor Swift,epiphany,08fa9LFcFBTcilB3iq2e2A,83
1766,Jawsh 685,Savage Love (Laxed - Siren Beat),1xQ6trAsedVPCdbtDAmk0c,96
1767,Taylor Swift,peace,7MbT4I8qGntX4fMdqMQgke,83
1768,Future,Life Is Good (feat. Drake),5yY9lUy8nbvjM1Uyo1Uqoc,88
1769,6ix9ine,GOOBA,4NhDYoQTYCdWHTvlbGVgwo,91
1770,Juice WRLD,Screw Juice,2XSO13Gyndo7MDdtYibIxO,84
1771,Juice WRLD,Can't Die,6DuHcOuuGWXNvF3uocsrBa,84
1772,Taylor Swift,hoax,6MWoRt97mnSTXZhu3ggi9C,82
1773,Juice WRLD,I Want It,6RsRMf9e4KUyo3MecGffNL,83
1774,Pop Smoke,Got It On Me,25zlnOAzbVoOzIeXSvQFf1,86
1775,DJ Khaled,GREECE (feat. Drake),35RJhm1pEovTBwnNR0zWad,87
1776,Eminem,Godzilla (feat. Juice WRLD),7FIWs0pqAYbP91WWM0vlTQ,88
1777,Lil Uzi Vert,Myron,56uXDJRCuoS7abX3SkzHKQ,83
1778,BLACKPINK,How You Like That,3vAn0qZzdyuHamcrpkfiX3,89
1779,Lil Mosey,Blueberry Faygo,22LAwLoDA5b4AaGSkg6bKW,88
1780,iann dior,Prospect (ft. Lil Baby),4Zjdzxx0dsavsr7Ehr8fGE,82
1781,Tyla Yaweh,Tommy Lee (feat. Post Malone),5QZKcQDp0tCcvMdyqEciBV,84
1782,Curtis Waters,Stunnin' (feat. Harm Franklin),2D0dj3hVkRQJCp63cxCPEx,87
1783,Lil Baby,Emotionally Scarred,7ge7BHazYbVKi8qyZUX1Bm,82
1784,Diplo,Heartless (feat. Morgan Wallen),3FU6urUVsgXa6RBuV2PdRk,81
1785,Justin Bieber,Intentions,364dI1bYnvamSnBJ8JcNzN,87
1786,YNW Melly,Suicidal (Remix) [feat. Juice WRLD],4S2uhQE8L9V6p7rj7SiauJ,83
1787,G Herbo,PTSD,3jT2LKH0RSbQ8jIUNFzXm5,82
1788,Sleepy Hallow,Deep End Freestyle,4zTPYAf5scZdp0LnwPPeWK,83
1789,The Weeknd,In Your Eyes,7szuecWAPwGoV1e5vGu8tl,91
1790,NLE Choppa,Shotta Flow 5,1orjH4IkSH9VrWmRCToKV8,81
1791,$uicideBoy$,"...And To Those I Love, Thanks For Sticking Around",41LhQUkElADQ5YUbpYv2D0,83
1792,Dua Lipa,Break My Heart,1raaNykBg1bDnWENUiglUA,88
1793,Morgan Wallen,More Than My Hometown,6FniJZn4agmDtPx1pKZQsa,79
1794,Jawsh 685,Savage Love (Laxed - Siren Beat),5T490vvoFNU6psep0NPmxs,88
1795,Lil Uzi Vert,P2,3kW4z2pIj5VY5fLjBrMRL5,82
1796,Megan Thee Stallion,Girls in the Hood,6WbTTAGKrQtCQvmc5BuYfh,80
1797,Conan Gray,Heather,4xqrdfXkTW4T0RauPLv3WA,84
1798,ROSALÍA,TKN (feat. Travis Scott),4w47S36wQGBhGg073q3nt7,92
1799,Megan Thee Stallion,Savage,55CHeLEfn5iJ0IIkgaa4si,86
1800,Juice WRLD,Bad Energy,0JoWBcL61YWLXM5vW0YTHO,85
1801,Juice WRLD,Stay High,1AnkdcHl86kEhDvhaKDuIe,85
1802,Taylor Swift,this is me trying,7kt9e9LFSpN1zQtYEl19o1,85
1803,Ariana Grande,Stuck with U (with Justin Bieber),4HBZA5flZLE435QTztThqH,93
1804,Taylor Swift,illicit affairs,2NmsngXHeC1GQ9wWrzhOMf,85
1805,Juice WRLD,Up Up And Away,5lcIegmdblnWqT9nS9EhZj,85
1806,Taylor Swift,betty,5kI4eCXXzyuIUXjQra0Cxi,84
1807,Lady Gaga,Rain On Me (with Ariana Grande),24ySl2hOPGCDcxBxFIqWBu,92
1808,Polo G,21,3JKgcAa7r07ocVWcV8bS0H,85
1809,Marshmello,Be Kind (with Halsey),3Z8FwOEN59mRMxDCtb8N0A,91
1810,Taylor Swift,mad woman,2QDyYdZyhlP2fp79KZX8Bi,84
1811,Juice WRLD,Man Of The Year,1uA914Md6wsy9NDryyBypH,84
1812,Juice WRLD,Fighting Demons,0jo6Nd4iJU0UFHqS0Xd4l4,84
1813,Juice WRLD,Tell Me U Luv Me (with Trippie Redd),7iIzwqG5UxPYwTYUUK4pzU,84
1814,Taylor Swift,epiphany,08fa9LFcFBTcilB3iq2e2A,83
1815,Jawsh 685,Savage Love (Laxed - Siren Beat),1xQ6trAsedVPCdbtDAmk0c,96
1816,Taylor Swift,peace,7MbT4I8qGntX4fMdqMQgke,83
1817,Future,Life Is Good (feat. Drake),5yY9lUy8nbvjM1Uyo1Uqoc,88
1818,6ix9ine,GOOBA,4NhDYoQTYCdWHTvlbGVgwo,91
1819,Juice WRLD,Screw Juice,2XSO13Gyndo7MDdtYibIxO,84
1820,Juice WRLD,Can't Die,6DuHcOuuGWXNvF3uocsrBa,84
1821,Taylor Swift,hoax,6MWoRt97mnSTXZhu3ggi9C,82
1822,Juice WRLD,I Want It,6RsRMf9e4KUyo3MecGffNL,83
1823,Pop Smoke,Got It On Me,25zlnOAzbVoOzIeXSvQFf1,86
1824,DJ Khaled,GREECE (feat. Drake),35RJhm1pEovTBwnNR0zWad,87
1825,Eminem,Godzilla (feat. Juice WRLD),7FIWs0pqAYbP91WWM0vlTQ,88
1826,Lil Uzi Vert,Myron,56uXDJRCuoS7abX3SkzHKQ,83
1827,BLACKPINK,How You Like That,3vAn0qZzdyuHamcrpkfiX3,89
1828,Lil Mosey,Blueberry Faygo,22LAwLoDA5b4AaGSkg6bKW,88
1829,iann dior,Prospect (ft. Lil Baby),4Zjdzxx0dsavsr7Ehr8fGE,82
1830,Tyla Yaweh,Tommy Lee (feat. Post Malone),5QZKcQDp0tCcvMdyqEciBV,84
1831,Curtis Waters,Stunnin' (feat. Harm Franklin),2D0dj3hVkRQJCp63cxCPEx,87
1832,Lil Baby,Emotionally Scarred,7ge7BHazYbVKi8qyZUX1Bm,82
1833,Diplo,Heartless (feat. Morgan Wallen),3FU6urUVsgXa6RBuV2PdRk,81
1834,Justin Bieber,Intentions,364dI1bYnvamSnBJ8JcNzN,87
1835,YNW Melly,Suicidal (Remix) [feat. Juice WRLD],4S2uhQE8L9V6p7rj7SiauJ,83
1836,G Herbo,PTSD,3jT2LKH0RSbQ8jIUNFzXm5,82
1837,Sleepy Hallow,Deep End Freestyle,4zTPYAf5scZdp0LnwPPeWK,83
1838,The Weeknd,In Your Eyes,7szuecWAPwGoV1e5vGu8tl,91
1839,NLE Choppa,Shotta Flow 5,1orjH4IkSH9VrWmRCToKV8,81
1840,$uicideBoy$,"...And To Those I Love, Thanks For Sticking Around",41LhQUkElADQ5YUbpYv2D0,83
1841,Dua Lipa,Break My Heart,1raaNykBg1bDnWENUiglUA,88
1842,Morgan Wallen,More Than My Hometown,6FniJZn4agmDtPx1pKZQsa,79
1843,Jawsh 685,Savage Love (Laxed - Siren Beat),5T490vvoFNU6psep0NPmxs,88
1844,Lil Uzi Vert,P2,3kW4z2pIj5VY5fLjBrMRL5,82
1845,Megan Thee Stallion,Girls in the Hood,6WbTTAGKrQtCQvmc5BuYfh,80
1846,Conan Gray,Heather,4xqrdfXkTW4T0RauPLv3WA,84
1847,ROSALÍA,TKN (feat. Travis Scott),4w47S36wQGBhGg073q3nt7,92
1848,Megan Thee Stallion,Savage,55CHeLEfn5iJ0IIkgaa4si,86
1849,Bad Bunny,Yo Perreo Sola,0SqqAgdovOE24BzxIClpjw,89
1850,Juice WRLD,Stay High,1AnkdcHl86kEhDvhaKDuIe,85
1851,Taylor Swift,this is me trying,7kt9e9LFSpN1zQtYEl19o1,85
1852,Ariana Grande,Stuck with U (with Justin Bieber),4HBZA5flZLE435QTztThqH,93
1853,Taylor Swift,illicit affairs,2NmsngXHeC1GQ9wWrzhOMf,85
1854,Juice WRLD,Up Up And Away,5lcIegmdblnWqT9nS9EhZj,85
1855,Taylor Swift,betty,5kI4eCXXzyuIUXjQra0Cxi,84
1856,Lady Gaga,Rain On Me (with Ariana Grande),24ySl2hOPGCDcxBxFIqWBu,92
1857,Polo G,21,3JKgcAa7r07ocVWcV8bS0H,85
1858,Marshmello,Be Kind (with Halsey),3Z8FwOEN59mRMxDCtb8N0A,91
1859,Taylor Swift,mad woman,2QDyYdZyhlP2fp79KZX8Bi,84
1860,Juice WRLD,Man Of The Year,1uA914Md6wsy9NDryyBypH,84
1861,Juice WRLD,Fighting Demons,0jo6Nd4iJU0UFHqS0Xd4l4,84
1862,Juice WRLD,Tell Me U Luv Me (with Trippie Redd),7iIzwqG5UxPYwTYUUK4pzU,84
1863,Taylor Swift,epiphany,08fa9LFcFBTcilB3iq2e2A,83
1864,Jawsh 685,Savage Love (Laxed - Siren Beat),1xQ6trAsedVPCdbtDAmk0c,96
1865,Taylor Swift,peace,7MbT4I8qGntX4fMdqMQgke,83
1866,Future,Life Is Good (feat. Drake),5yY9lUy8nbvjM1Uyo1Uqoc,88
1867,6ix9ine,GOOBA,4NhDYoQTYCdWHTvlbGVgwo,91
1868,Juice WRLD,Screw Juice,2XSO13Gyndo7MDdtYibIxO,84
1869,Juice WRLD,Can't Die,6DuHcOuuGWXNvF3uocsrBa,84
1870,Taylor Swift,hoax,6MWoRt97mnSTXZhu3ggi9C,82
1871,Juice WRLD,I Want It,6RsRMf9e4KUyo3MecGffNL,83
1872,Pop Smoke,Got It On Me,25zlnOAzbVoOzIeXSvQFf1,86
1873,DJ Khaled,GREECE (feat. Drake),35RJhm1pEovTBwnNR0zWad,87
1874,Eminem,Godzilla (feat. Juice WRLD),7FIWs0pqAYbP91WWM0vlTQ,88
1875,Lil Uzi Vert,Myron,56uXDJRCuoS7abX3SkzHKQ,83
1876,BLACKPINK,How You Like That,3vAn0qZzdyuHamcrpkfiX3,89
1877,Lil Mosey,Blueberry Faygo,22LAwLoDA5b4AaGSkg6bKW,88
1878,iann dior,Prospect (ft. Lil Baby),4Zjdzxx0dsavsr7Ehr8fGE,82
1879,Tyla Yaweh,Tommy Lee (feat. Post Malone),5QZKcQDp0tCcvMdyqEciBV,84
1880,Curtis Waters,Stunnin' (feat. Harm Franklin),2D0dj3hVkRQJCp63cxCPEx,87
1881,Lil Baby,Emotionally Scarred,7ge7BHazYbVKi8qyZUX1Bm,82
1882,Diplo,Heartless (feat. Morgan Wallen),3FU6urUVsgXa6RBuV2PdRk,81
1883,Justin Bieber,Intentions,364dI1bYnvamSnBJ8JcNzN,87
1884,YNW Melly,Suicidal (Remix) [feat. Juice WRLD],4S2uhQE8L9V6p7rj7SiauJ,83
1885,G Herbo,PTSD,3jT2LKH0RSbQ8jIUNFzXm5,82
1886,Sleepy Hallow,Deep End Freestyle,4zTPYAf5scZdp0LnwPPeWK,83
1887,The Weeknd,In Your Eyes,7szuecWAPwGoV1e5vGu8tl,91
1888,NLE Choppa,Shotta Flow 5,1orjH4IkSH9VrWmRCToKV8,81
1889,$uicideBoy$,"...And To Those I Love, Thanks For Sticking Around",41LhQUkElADQ5YUbpYv2D0,83
1890,Dua Lipa,Break My Heart,1raaNykBg1bDnWENUiglUA,88
1891,Morgan Wallen,More Than My Hometown,6FniJZn4agmDtPx1pKZQsa,79
1892,Jawsh 685,Savage Love (Laxed - Siren Beat),5T490vvoFNU6psep0NPmxs,88
1893,Lil Uzi Vert,P2,3kW4z2pIj5VY5fLjBrMRL5,82
1894,Megan Thee Stallion,Girls in the Hood,6WbTTAGKrQtCQvmc5BuYfh,80
1895,Conan Gray,Heather,4xqrdfXkTW4T0RauPLv3WA,84
1896,ROSALÍA,TKN (feat. Travis Scott),4w47S36wQGBhGg073q3nt7,92
1897,Megan Thee Stallion,Savage,55CHeLEfn5iJ0IIkgaa4si,86
1898,Bad Bunny,Yo Perreo Sola,0SqqAgdovOE24BzxIClpjw,89
1899,Anuel AA,Hasta Que Dios Diga,06s3QtMJVXw1AJX3UfvZG1,90
1900,Taylor Swift,this is me trying,7kt9e9LFSpN1zQtYEl19o1,85
1901,Ariana Grande,Stuck with U (with Justin Bieber),4HBZA5flZLE435QTztThqH,93
1902,Taylor Swift,illicit affairs,2NmsngXHeC1GQ9wWrzhOMf,85
1903,Juice WRLD,Up Up And Away,5lcIegmdblnWqT9nS9EhZj,85
1904,Taylor Swift,betty,5kI4eCXXzyuIUXjQra0Cxi,84
1905,Lady Gaga,Rain On Me (with Ariana Grande),24ySl2hOPGCDcxBxFIqWBu,92
1906,Polo G,21,3JKgcAa7r07ocVWcV8bS0H,85
1907,Marshmello,Be Kind (with Halsey),3Z8FwOEN59mRMxDCtb8N0A,91
1908,Taylor Swift,mad woman,2QDyYdZyhlP2fp79KZX8Bi,84
1909,Juice WRLD,Man Of The Year,1uA914Md6wsy9NDryyBypH,84
1910,Juice WRLD,Fighting Demons,0jo6Nd4iJU0UFHqS0Xd4l4,84
1911,Juice WRLD,Tell Me U Luv Me (with Trippie Redd),7iIzwqG5UxPYwTYUUK4pzU,84
1912,Taylor Swift,epiphany,08fa9LFcFBTcilB3iq2e2A,83
1913,Jawsh 685,Savage Love (Laxed - Siren Beat),1xQ6trAsedVPCdbtDAmk0c,96
1914,Taylor Swift,peace,7MbT4I8qGntX4fMdqMQgke,83
1915,Future,Life Is Good (feat. Drake),5yY9lUy8nbvjM1Uyo1Uqoc,88
1916,6ix9ine,GOOBA,4NhDYoQTYCdWHTvlbGVgwo,91
1917,Juice WRLD,Screw Juice,2XSO13Gyndo7MDdtYibIxO,84
1918,Juice WRLD,Can't Die,6DuHcOuuGWXNvF3uocsrBa,84
1919,Taylor Swift,hoax,6MWoRt97mnSTXZhu3ggi9C,82
1920,Juice WRLD,I Want It,6RsRMf9e4KUyo3MecGffNL,83
1921,Pop Smoke,Got It On Me,25zlnOAzbVoOzIeXSvQFf1,86
1922,DJ Khaled,GREECE (feat. Drake),35RJhm1pEovTBwnNR0zWad,87
1923,Eminem,Godzilla (feat. Juice WRLD),7FIWs0pqAYbP91WWM0vlTQ,88
1924,Lil Uzi Vert,Myron,56uXDJRCuoS7abX3SkzHKQ,83
1925,BLACKPINK,How You Like That,3vAn0qZzdyuHamcrpkfiX3,89
1926,Lil Mosey,Blueberry Faygo,22LAwLoDA5b4AaGSkg6bKW,88
1927,iann dior,Prospect (ft. Lil Baby),4Zjdzxx0dsavsr7Ehr8fGE,82
1928,Tyla Yaweh,Tommy Lee (feat. Post Malone),5QZKcQDp0tCcvMdyqEciBV,84
1929,Curtis Waters,Stunnin' (feat. Harm Franklin),2D0dj3hVkRQJCp63cxCPEx,87
1930,Lil Baby,Emotionally Scarred,7ge7BHazYbVKi8qyZUX1Bm,82
1931,Diplo,Heartless (feat. Morgan Wallen),3FU6urUVsgXa6RBuV2PdRk,81
1932,Justin Bieber,Intentions,364dI1bYnvamSnBJ8JcNzN,87
1933,YNW Melly,Suicidal (Remix) [feat. Juice WRLD],4S2uhQE8L9V6p7rj7SiauJ,83
1934,G Herbo,PTSD,3jT2LKH0RSbQ8jIUNFzXm5,82
1935,Sleepy Hallow,Deep End Freestyle,4zTPYAf5scZdp0LnwPPeWK,83
1936,The Weeknd,In Your Eyes,7szuecWAPwGoV1e5vGu8tl,91
1937,NLE Choppa,Shotta Flow 5,1orjH4IkSH9VrWmRCToKV8,81
1938,$uicideBoy$,"...And To Those I Love, Thanks For Sticking Around",41LhQUkElADQ5YUbpYv2D0,83
1939,Dua Lipa,Break My Heart,1raaNykBg1bDnWENUiglUA,88
1940,Morgan Wallen,More Than My Hometown,6FniJZn4agmDtPx1pKZQsa,79
1941,Jawsh 685,Savage Love (Laxed - Siren Beat),5T490vvoFNU6psep0NPmxs,88
1942,Lil Uzi Vert,P2,3kW4z2pIj5VY5fLjBrMRL5,82
1943,Megan Thee Stallion,Girls in the Hood,6WbTTAGKrQtCQvmc5BuYfh,80
1944,Conan Gray,Heather,4xqrdfXkTW4T0RauPLv3WA,84
1945,ROSALÍA,TKN (feat. Travis Scott),4w47S36wQGBhGg073q3nt7,92
1946,Megan Thee Stallion,Savage,55CHeLEfn5iJ0IIkgaa4si,86
1947,Bad Bunny,Yo Perreo Sola,0SqqAgdovOE24BzxIClpjw,89
1948,Anuel AA,Hasta Que Dios Diga,06s3QtMJVXw1AJX3UfvZG1,90
1949,Polo G,Go Stupid,4PklAHGXT5ityno3IA8SKd,79
1950,Ariana Grande,Stuck with U (with Justin Bieber),4HBZA5flZLE435QTztThqH,93
1951,Taylor Swift,illicit affairs,2NmsngXHeC1GQ9wWrzhOMf,85
1952,Juice WRLD,Up Up And Away,5lcIegmdblnWqT9nS9EhZj,85
1953,Taylor Swift,betty,5kI4eCXXzyuIUXjQra0Cxi,84
1954,Lady Gaga,Rain On Me (with Ariana Grande),24ySl2hOPGCDcxBxFIqWBu,92
1955,Polo G,21,3JKgcAa7r07ocVWcV8bS0H,85
1956,Marshmello,Be Kind (with Halsey),3Z8FwOEN59mRMxDCtb8N0A,91
1957,Taylor Swift,mad woman,2QDyYdZyhlP2fp79KZX8Bi,84
1958,Juice WRLD,Man Of The Year,1uA914Md6wsy9NDryyBypH,84
1959,Juice WRLD,Fighting Demons,0jo6Nd4iJU0UFHqS0Xd4l4,84
1960,Juice WRLD,Tell Me U Luv Me (with Trippie Redd),7iIzwqG5UxPYwTYUUK4pzU,84
1961,Taylor Swift,epiphany,08fa9LFcFBTcilB3iq2e2A,83
1962,Jawsh 685,Savage Love (Laxed - Siren Beat),1xQ6trAsedVPCdbtDAmk0c,96
1963,Taylor Swift,peace,7MbT4I8qGntX4fMdqMQgke,83
1964,Future,Life Is Good (feat. Drake),5yY9lUy8nbvjM1Uyo1Uqoc,88
1965,6ix9ine,GOOBA,4NhDYoQTYCdWHTvlbGVgwo,91
1966,Juice WRLD,Screw Juice,2XSO13Gyndo7MDdtYibIxO,84
1967,Juice WRLD,Can't Die,6DuHcOuuGWXNvF3uocsrBa,84
1968,Taylor Swift,hoax,6MWoRt97mnSTXZhu3ggi9C,82
1969,Juice WRLD,I Want It,6RsRMf9e4KUyo3MecGffNL,83
1970,Pop Smoke,Got It On Me,25zlnOAzbVoOzIeXSvQFf1,86
1971,DJ Khaled,GREECE (feat. Drake),35RJhm1pEovTBwnNR0zWad,87
1972,Eminem,Godzilla (feat. Juice WRLD),7FIWs0pqAYbP91WWM0vlTQ,88
1973,Lil Uzi Vert,Myron,56uXDJRCuoS7abX3SkzHKQ,83
1974,BLACKPINK,How You Like That,3vAn0qZzdyuHamcrpkfiX3,89
1975,Lil Mosey,Blueberry Faygo,22LAwLoDA5b4AaGSkg6bKW,88
1976,iann dior,Prospect (ft. Lil Baby),4Zjdzxx0dsavsr7Ehr8fGE,82
1977,Tyla Yaweh,Tommy Lee (feat. Post Malone),5QZKcQDp0tCcvMdyqEciBV,84
1978,Curtis Waters,Stunnin' (feat. Harm Franklin),2D0dj3hVkRQJCp63cxCPEx,87
1979,Lil Baby,Emotionally Scarred,7ge7BHazYbVKi8qyZUX1Bm,82
1980,Diplo,Heartless (feat. Morgan Wallen),3FU6urUVsgXa6RBuV2PdRk,81
1981,Justin Bieber,Intentions,364dI1bYnvamSnBJ8JcNzN,87
1982,YNW Melly,Suicidal (Remix) [feat. Juice WRLD],4S2uhQE8L9V6p7rj7SiauJ,83
1983,G Herbo,PTSD,3jT2LKH0RSbQ8jIUNFzXm5,82
1984,Sleepy Hallow,Deep End Freestyle,4zTPYAf5scZdp0LnwPPeWK,83
1985,The Weeknd,In Your Eyes,7szuecWAPwGoV1e5vGu8tl,91
1986,NLE Choppa,Shotta Flow 5,1orjH4IkSH9VrWmRCToKV8,81
1987,$uicideBoy$,"...And To Those I Love, Thanks For Sticking Around",41LhQUkElADQ5YUbpYv2D0,83
1988,Dua Lipa,Break My Heart,1raaNykBg1bDnWENUiglUA,88
1989,Morgan Wallen,More Than My Hometown,6FniJZn4agmDtPx1pKZQsa,79
1990,Jawsh 685,Savage Love (Laxed - Siren Beat),5T490vvoFNU6psep0NPmxs,88
1991,Lil Uzi Vert,P2,3kW4z2pIj5VY5fLjBrMRL5,82
1992,Megan Thee Stallion,Girls in the Hood,6WbTTAGKrQtCQvmc5BuYfh,80
1993,Conan Gray,Heather,4xqrdfXkTW4T0RauPLv3WA,84
1994,ROSALÍA,TKN (feat. Travis Scott),4w47S36wQGBhGg073q3nt7,92
1995,Megan Thee Stallion,Savage,55CHeLEfn5iJ0IIkgaa4si,86
1996,Bad Bunny,Yo Perreo Sola,0SqqAgdovOE24BzxIClpjw,89
1997,Anuel AA,Hasta Que Dios Diga,06s3QtMJVXw1AJX3UfvZG1,90
1998,Polo G,Go Stupid,4PklAHGXT5ityno3IA8SKd,79
1999,Noah Cyrus,July,6J2LdBN97cDWn0MLxYh9HB,84
2000,Taylor Swift,illicit affairs,2NmsngXHeC1GQ9wWrzhOMf,85
2001,Juice WRLD,Up Up And Away,5lcIegmdblnWqT9nS9EhZj,85
2002,Taylor Swift,betty,5kI4eCXXzyuIUXjQra0Cxi,84
2003,Lady Gaga,Rain On Me (with Ariana Grande),24ySl2hOPGCDcxBxFIqWBu,92
2004,Polo G,21,3JKgcAa7r07ocVWcV8bS0H,85
2005,Marshmello,Be Kind (with Halsey),3Z8FwOEN59mRMxDCtb8N0A,91
2006,Taylor Swift,mad woman,2QDyYdZyhlP2fp79KZX8Bi,84
2007,Juice WRLD,Man Of The Year,1uA914Md6wsy9NDryyBypH,84
2008,Juice WRLD,Fighting Demons,0jo6Nd4iJU0UFHqS0Xd4l4,84
2009,Juice WRLD,Tell Me U Luv Me (with Trippie Redd),7iIzwqG5UxPYwTYUUK4pzU,84
2010,Taylor Swift,epiphany,08fa9LFcFBTcilB3iq2e2A,83
2011,Jawsh 685,Savage Love (Laxed - Siren Beat),1xQ6trAsedVPCdbtDAmk0c,96
2012,Taylor Swift,peace,7MbT4I8qGntX4fMdqMQgke,83
2013,Future,Life Is Good (feat. Drake),5yY9lUy8nbvjM1Uyo1Uqoc,88
2014,6ix9ine,GOOBA,4NhDYoQTYCdWHTvlbGVgwo,91
2015,Juice WRLD,Screw Juice,2XSO13Gyndo7MDdtYibIxO,84
2016,Juice WRLD,Can't Die,6DuHcOuuGWXNvF3uocsrBa,84
2017,Taylor Swift,hoax,6MWoRt97mnSTXZhu3ggi9C,82
2018,Juice WRLD,I Want It,6RsRMf9e4KUyo3MecGffNL,83
2019,Pop Smoke,Got It On Me,25zlnOAzbVoOzIeXSvQFf1,86
2020,DJ Khaled,GREECE (feat. Drake),35RJhm1pEovTBwnNR0zWad,87
2021,Eminem,Godzilla (feat. Juice WRLD),7FIWs0pqAYbP91WWM0vlTQ,88
2022,Lil Uzi Vert,Myron,56uXDJRCuoS7abX3SkzHKQ,83
2023,BLACKPINK,How You Like That,3vAn0qZzdyuHamcrpkfiX3,89
2024,Lil Mosey,Blueberry Faygo,22LAwLoDA5b4AaGSkg6bKW,88
2025,iann dior,Prospect (ft. Lil Baby),4Zjdzxx0dsavsr7Ehr8fGE,82
2026,Tyla Yaweh,Tommy Lee (feat. Post Malone),5QZKcQDp0tCcvMdyqEciBV,84
2027,Curtis Waters,Stunnin' (feat. Harm Franklin),2D0dj3hVkRQJCp63cxCPEx,87
2028,Lil Baby,Emotionally Scarred,7ge7BHazYbVKi8qyZUX1Bm,82
2029,Diplo,Heartless (feat. Morgan Wallen),3FU6urUVsgXa6RBuV2PdRk,81
2030,Justin Bieber,Intentions,364dI1bYnvamSnBJ8JcNzN,87
2031,YNW Melly,Suicidal (Remix) [feat. Juice WRLD],4S2uhQE8L9V6p7rj7SiauJ,83
2032,G Herbo,PTSD,3jT2LKH0RSbQ8jIUNFzXm5,82
2033,Sleepy Hallow,Deep End Freestyle,4zTPYAf5scZdp0LnwPPeWK,83
2034,The Weeknd,In Your Eyes,7szuecWAPwGoV1e5vGu8tl,91
2035,NLE Choppa,Shotta Flow 5,1orjH4IkSH9VrWmRCToKV8,81
2036,$uicideBoy$,"...And To Those I Love, Thanks For Sticking Around",41LhQUkElADQ5YUbpYv2D0,83
2037,Dua Lipa,Break My Heart,1raaNykBg1bDnWENUiglUA,88
2038,Morgan Wallen,More Than My Hometown,6FniJZn4agmDtPx1pKZQsa,79
2039,Jawsh 685,Savage Love (Laxed - Siren Beat),5T490vvoFNU6psep0NPmxs,88
2040,Lil Uzi Vert,P2,3kW4z2pIj5VY5fLjBrMRL5,82
2041,Megan Thee Stallion,Girls in the Hood,6WbTTAGKrQtCQvmc5BuYfh,80
2042,Conan Gray,Heather,4xqrdfXkTW4T0RauPLv3WA,84
2043,ROSALÍA,TKN (feat. Travis Scott),4w47S36wQGBhGg073q3nt7,92
2044,Megan Thee Stallion,Savage,55CHeLEfn5iJ0IIkgaa4si,86
2045,Bad Bunny,Yo Perreo Sola,0SqqAgdovOE24BzxIClpjw,89
2046,Anuel AA,Hasta Que Dios Diga,06s3QtMJVXw1AJX3UfvZG1,90
2047,Polo G,Go Stupid,4PklAHGXT5ityno3IA8SKd,79
2048,Noah Cyrus,July,6J2LdBN97cDWn0MLxYh9HB,84
2049,Bad Bunny,Safaera,2DEZmgHKAvm41k4J3R2E9Y,89
2050,Juice WRLD,Up Up And Away,5lcIegmdblnWqT9nS9EhZj,85
2051,Taylor Swift,betty,5kI4eCXXzyuIUXjQra0Cxi,84
2052,Lady Gaga,Rain On Me (with Ariana Grande),24ySl2hOPGCDcxBxFIqWBu,92
2053,Polo G,21,3JKgcAa7r07ocVWcV8bS0H,85
2054,Marshmello,Be Kind (with Halsey),3Z8FwOEN59mRMxDCtb8N0A,91
2055,Taylor Swift,mad woman,2QDyYdZyhlP2fp79KZX8Bi,84
2056,Juice WRLD,Man Of The Year,1uA914Md6wsy9NDryyBypH,84
2057,Juice WRLD,Fighting Demons,0jo6Nd4iJU0UFHqS0Xd4l4,84
2058,Juice WRLD,Tell Me U Luv Me (with Trippie Redd),7iIzwqG5UxPYwTYUUK4pzU,84
2059,Taylor Swift,epiphany,08fa9LFcFBTcilB3iq2e2A,83
2060,Jawsh 685,Savage Love (Laxed - Siren Beat),1xQ6trAsedVPCdbtDAmk0c,96
2061,Taylor Swift,peace,7MbT4I8qGntX4fMdqMQgke,83
2062,Future,Life Is Good (feat. Drake),5yY9lUy8nbvjM1Uyo1Uqoc,88
2063,6ix9ine,GOOBA,4NhDYoQTYCdWHTvlbGVgwo,91
2064,Juice WRLD,Screw Juice,2XSO13Gyndo7MDdtYibIxO,84
2065,Juice WRLD,Can't Die,6DuHcOuuGWXNvF3uocsrBa,84
2066,Taylor Swift,hoax,6MWoRt97mnSTXZhu3ggi9C,82
2067,Juice WRLD,I Want It,6RsRMf9e4KUyo3MecGffNL,83
2068,Pop Smoke,Got It On Me,25zlnOAzbVoOzIeXSvQFf1,86
2069,DJ Khaled,GREECE (feat. Drake),35RJhm1pEovTBwnNR0zWad,87
2070,Eminem,Godzilla (feat. Juice WRLD),7FIWs0pqAYbP91WWM0vlTQ,88
2071,Lil Uzi Vert,Myron,56uXDJRCuoS7abX3SkzHKQ,83
2072,BLACKPINK,How You Like That,3vAn0qZzdyuHamcrpkfiX3,89
2073,Lil Mosey,Blueberry Faygo,22LAwLoDA5b4AaGSkg6bKW,88
2074,iann dior,Prospect (ft. Lil Baby),4Zjdzxx0dsavsr7Ehr8fGE,82
2075,Tyla Yaweh,Tommy Lee (feat. Post Malone),5QZKcQDp0tCcvMdyqEciBV,84
2076,Curtis Waters,Stunnin' (feat. Harm Franklin),2D0dj3hVkRQJCp63cxCPEx,87
2077,Lil Baby,Emotionally Scarred,7ge7BHazYbVKi8qyZUX1Bm,82
2078,Diplo,Heartless (feat. Morgan Wallen),3FU6urUVsgXa6RBuV2PdRk,81
2079,Justin Bieber,Intentions,364dI1bYnvamSnBJ8JcNzN,87
2080,YNW Melly,Suicidal (Remix) [feat. Juice WRLD],4S2uhQE8L9V6p7rj7SiauJ,83
2081,G Herbo,PTSD,3jT2LKH0RSbQ8jIUNFzXm5,82
2082,Sleepy Hallow,Deep End Freestyle,4zTPYAf5scZdp0LnwPPeWK,83
2083,The Weeknd,In Your Eyes,7szuecWAPwGoV1e5vGu8tl,91
2084,NLE Choppa,Shotta Flow 5,1orjH4IkSH9VrWmRCToKV8,81
2085,$uicideBoy$,"...And To Those I Love, Thanks For Sticking Around",41LhQUkElADQ5YUbpYv2D0,83
2086,Dua Lipa,Break My Heart,1raaNykBg1bDnWENUiglUA,88
2087,Morgan Wallen,More Than My Hometown,6FniJZn4agmDtPx1pKZQsa,79
2088,Jawsh 685,Savage Love (Laxed - Siren Beat),5T490vvoFNU6psep0NPmxs,88
2089,Lil Uzi Vert,P2,3kW4z2pIj5VY5fLjBrMRL5,82
2090,Megan Thee Stallion,Girls in the Hood,6WbTTAGKrQtCQvmc5BuYfh,80
2091,Conan Gray,Heather,4xqrdfXkTW4T0RauPLv3WA,84
2092,ROSALÍA,TKN (feat. Travis Scott),4w47S36wQGBhGg073q3nt7,92
2093,Megan Thee Stallion,Savage,55CHeLEfn5iJ0IIkgaa4si,86
2094,Bad Bunny,Yo Perreo Sola,0SqqAgdovOE24BzxIClpjw,89
2095,Anuel AA,Hasta Que Dios Diga,06s3QtMJVXw1AJX3UfvZG1,90
2096,Polo G,Go Stupid,4PklAHGXT5ityno3IA8SKd,79
2097,Noah Cyrus,July,6J2LdBN97cDWn0MLxYh9HB,84
2098,Bad Bunny,Safaera,2DEZmgHKAvm41k4J3R2E9Y,89
2099,Conan Gray,Maniac,6KfoDhO4XUWSbnyKjNp9c4,83
2100,Taylor Swift,betty,5kI4eCXXzyuIUXjQra0Cxi,84
2101,Lady Gaga,Rain On Me (with Ariana Grande),24ySl2hOPGCDcxBxFIqWBu,92
2102,Polo G,21,3JKgcAa7r07ocVWcV8bS0H,85
2103,Marshmello,Be Kind (with Halsey),3Z8FwOEN59mRMxDCtb8N0A,91
2104,Taylor Swift,mad woman,2QDyYdZyhlP2fp79KZX8Bi,84
2105,Juice WRLD,Man Of The Year,1uA914Md6wsy9NDryyBypH,84
2106,Juice WRLD,Fighting Demons,0jo6Nd4iJU0UFHqS0Xd4l4,84
2107,Juice WRLD,Tell Me U Luv Me (with Trippie Redd),7iIzwqG5UxPYwTYUUK4pzU,84
2108,Taylor Swift,epiphany,08fa9LFcFBTcilB3iq2e2A,83
2109,Jawsh 685,Savage Love (Laxed - Siren Beat),1xQ6trAsedVPCdbtDAmk0c,96
2110,Taylor Swift,peace,7MbT4I8qGntX4fMdqMQgke,83
2111,Future,Life Is Good (feat. Drake),5yY9lUy8nbvjM1Uyo1Uqoc,88
2112,6ix9ine,GOOBA,4NhDYoQTYCdWHTvlbGVgwo,91
2113,Juice WRLD,Screw Juice,2XSO13Gyndo7MDdtYibIxO,84
2114,Juice WRLD,Can't Die,6DuHcOuuGWXNvF3uocsrBa,84
2115,Taylor Swift,hoax,6MWoRt97mnSTXZhu3ggi9C,82
2116,Juice WRLD,I Want It,6RsRMf9e4KUyo3MecGffNL,83
2117,Pop Smoke,Got It On Me,25zlnOAzbVoOzIeXSvQFf1,86
2118,DJ Khaled,GREECE (feat. Drake),35RJhm1pEovTBwnNR0zWad,87
2119,Eminem,Godzilla (feat. Juice WRLD),7FIWs0pqAYbP91WWM0vlTQ,88
2120,Lil Uzi Vert,Myron,56uXDJRCuoS7abX3SkzHKQ,83
2121,BLACKPINK,How You Like That,3vAn0qZzdyuHamcrpkfiX3,89
2122,Lil Mosey,Blueberry Faygo,22LAwLoDA5b4AaGSkg6bKW,88
2123,iann dior,Prospect (ft. Lil Baby),4Zjdzxx0dsavsr7Ehr8fGE,82
2124,Tyla Yaweh,Tommy Lee (feat. Post Malone),5QZKcQDp0tCcvMdyqEciBV,84
2125,Curtis Waters,Stunnin' (feat. Harm Franklin),2D0dj3hVkRQJCp63cxCPEx,87
2126,Lil Baby,Emotionally Scarred,7ge7BHazYbVKi8qyZUX1Bm,82
2127,Diplo,Heartless (feat. Morgan Wallen),3FU6urUVsgXa6RBuV2PdRk,81
2128,Justin Bieber,Intentions,364dI1bYnvamSnBJ8JcNzN,87
2129,YNW Melly,Suicidal (Remix) [feat. Juice WRLD],4S2uhQE8L9V6p7rj7SiauJ,83
2130,G Herbo,PTSD,3jT2LKH0RSbQ8jIUNFzXm5,82
2131,Sleepy Hallow,Deep End Freestyle,4zTPYAf5scZdp0LnwPPeWK,83
2132,The Weeknd,In Your Eyes,7szuecWAPwGoV1e5vGu8tl,91
2133,NLE Choppa,Shotta Flow 5,1orjH4IkSH9VrWmRCToKV8,81
2134,$uicideBoy$,"...And To Those I Love, Thanks For Sticking Around",41LhQUkElADQ5YUbpYv2D0,83
2135,Dua Lipa,Break My Heart,1raaNykBg1bDnWENUiglUA,88
2136,Morgan Wallen,More Than My Hometown,6FniJZn4agmDtPx1pKZQsa,79
2137,Jawsh 685,Savage Love (Laxed - Siren Beat),5T490vvoFNU6psep0NPmxs,88
2138,Lil Uzi Vert,P2,3kW4z2pIj5VY5fLjBrMRL5,82
2139,Megan Thee Stallion,Girls in the Hood,6WbTTAGKrQtCQvmc5BuYfh,80
2140,Conan Gray,Heather,4xqrdfXkTW4T0RauPLv3WA,84
2141,ROSALÍA,TKN (feat. Travis Scott),4w47S36wQGBhGg073q3nt7,92
2142,Megan Thee Stallion,Savage,55CHeLEfn5iJ0IIkgaa4si,86
2143,Bad Bunny,Yo Perreo Sola,0SqqAgdovOE24BzxIClpjw,89
2144,Anuel AA,Hasta Que Dios Diga,06s3QtMJVXw1AJX3UfvZG1,90
2145,Polo G,Go Stupid,4PklAHGXT5ityno3IA8SKd,79
2146,Noah Cyrus,July,6J2LdBN97cDWn0MLxYh9HB,84
2147,Bad Bunny,Safaera,2DEZmgHKAvm41k4J3R2E9Y,89
2148,Conan Gray,Maniac,6KfoDhO4XUWSbnyKjNp9c4,83
2149,Future,Solitaires (feat. Travis Scott),4kfeRwpq5KUaqTkgi4TbDF,82
2150,Lady Gaga,Rain On Me (with Ariana Grande),24ySl2hOPGCDcxBxFIqWBu,92
2151,Polo G,21,3JKgcAa7r07ocVWcV8bS0H,85
2152,Marshmello,Be Kind (with Halsey),3Z8FwOEN59mRMxDCtb8N0A,91
2153,Taylor Swift,mad woman,2QDyYdZyhlP2fp79KZX8Bi,84
2154,Juice WRLD,Man Of The Year,1uA914Md6wsy9NDryyBypH,84
2155,Juice WRLD,Fighting Demons,0jo6Nd4iJU0UFHqS0Xd4l4,84
2156,Juice WRLD,Tell Me U Luv Me (with Trippie Redd),7iIzwqG5UxPYwTYUUK4pzU,84
2157,Taylor Swift,epiphany,08fa9LFcFBTcilB3iq2e2A,83
2158,Jawsh 685,Savage Love (Laxed - Siren Beat),1xQ6trAsedVPCdbtDAmk0c,96
2159,Taylor Swift,peace,7MbT4I8qGntX4fMdqMQgke,83
2160,Future,Life Is Good (feat. Drake),5yY9lUy8nbvjM1Uyo1Uqoc,88
2161,6ix9ine,GOOBA,4NhDYoQTYCdWHTvlbGVgwo,91
2162,Juice WRLD,Screw Juice,2XSO13Gyndo7MDdtYibIxO,84
2163,Juice WRLD,Can't Die,6DuHcOuuGWXNvF3uocsrBa,84
2164,Taylor Swift,hoax,6MWoRt97mnSTXZhu3ggi9C,82
2165,Juice WRLD,I Want It,6RsRMf9e4KUyo3MecGffNL,83
2166,Pop Smoke,Got It On Me,25zlnOAzbVoOzIeXSvQFf1,86
2167,DJ Khaled,GREECE (feat. Drake),35RJhm1pEovTBwnNR0zWad,87
2168,Eminem,Godzilla (feat. Juice WRLD),7FIWs0pqAYbP91WWM0vlTQ,88
2169,Lil Uzi Vert,Myron,56uXDJRCuoS7abX3SkzHKQ,83
2170,BLACKPINK,How You Like That,3vAn0qZzdyuHamcrpkfiX3,89
2171,Lil Mosey,Blueberry Faygo,22LAwLoDA5b4AaGSkg6bKW,88
2172,iann dior,Prospect (ft. Lil Baby),4Zjdzxx0dsavsr7Ehr8fGE,82
2173,Tyla Yaweh,Tommy Lee (feat. Post Malone),5QZKcQDp0tCcvMdyqEciBV,84
2174,Curtis Waters,Stunnin' (feat. Harm Franklin),2D0dj3hVkRQJCp63cxCPEx,87
2175,Lil Baby,Emotionally Scarred,7ge7BHazYbVKi8qyZUX1Bm,82
2176,Diplo,Heartless (feat. Morgan Wallen),3FU6urUVsgXa6RBuV2PdRk,81
2177,Justin Bieber,Intentions,364dI1bYnvamSnBJ8JcNzN,87
2178,YNW Melly,Suicidal (Remix) [feat. Juice WRLD],4S2uhQE8L9V6p7rj7SiauJ,83
2179,G Herbo,PTSD,3jT2LKH0RSbQ8jIUNFzXm5,82
2180,Sleepy Hallow,Deep End Freestyle,4zTPYAf5scZdp0LnwPPeWK,83
2181,The Weeknd,In Your Eyes,7szuecWAPwGoV1e5vGu8tl,91
2182,NLE Choppa,Shotta Flow 5,1orjH4IkSH9VrWmRCToKV8,81
2183,$uicideBoy$,"...And To Those I Love, Thanks For Sticking Around",41LhQUkElADQ5YUbpYv2D0,83
2184,Dua Lipa,Break My Heart,1raaNykBg1bDnWENUiglUA,88
2185,Morgan Wallen,More Than My Hometown,6FniJZn4agmDtPx1pKZQsa,79
2186,Jawsh 685,Savage Love (Laxed - Siren Beat),5T490vvoFNU6psep0NPmxs,88
2187,Lil Uzi Vert,P2,3kW4z2pIj5VY5fLjBrMRL5,82
2188,Megan Thee Stallion,Girls in the Hood,6WbTTAGKrQtCQvmc5BuYfh,80
2189,Conan Gray,Heather,4xqrdfXkTW4T0RauPLv3WA,84
2190,ROSALÍA,TKN (feat. Travis Scott),4w47S36wQGBhGg073q3nt7,92
2191,Megan Thee Stallion,Savage,55CHeLEfn5iJ0IIkgaa4si,86
2192,Bad Bunny,Yo Perreo Sola,0SqqAgdovOE24BzxIClpjw,89
2193,Anuel AA,Hasta Que Dios Diga,06s3QtMJVXw1AJX3UfvZG1,90
2194,Polo G,Go Stupid,4PklAHGXT5ityno3IA8SKd,79
2195,Noah Cyrus,July,6J2LdBN97cDWn0MLxYh9HB,84
2196,Bad Bunny,Safaera,2DEZmgHKAvm41k4J3R2E9Y,89
2197,Conan Gray,Maniac,6KfoDhO4XUWSbnyKjNp9c4,83
2198,Future,Solitaires (feat. Travis Scott),4kfeRwpq5KUaqTkgi4TbDF,82
2199,J. Cole,Lion King On Ice,1ZvBVbsaNqHEP6ymXaPGlj,80
2200,Polo G,21,3JKgcAa7r07ocVWcV8bS0H,85
2201,Marshmello,Be Kind (with Halsey),3Z8FwOEN59mRMxDCtb8N0A,91
2202,Taylor Swift,mad woman,2QDyYdZyhlP2fp79KZX8Bi,84
2203,Juice WRLD,Man Of The Year,1uA914Md6wsy9NDryyBypH,84
2204,Juice WRLD,Fighting Demons,0jo6Nd4iJU0UFHqS0Xd4l4,84
2205,Juice WRLD,Tell Me U Luv Me (with Trippie Redd),7iIzwqG5UxPYwTYUUK4pzU,84
2206,Taylor Swift,epiphany,08fa9LFcFBTcilB3iq2e2A,83
2207,Jawsh 685,Savage Love (Laxed - Siren Beat),1xQ6trAsedVPCdbtDAmk0c,96
2208,Taylor Swift,peace,7MbT4I8qGntX4fMdqMQgke,83
2209,Future,Life Is Good (feat. Drake),5yY9lUy8nbvjM1Uyo1Uqoc,88
2210,6ix9ine,GOOBA,4NhDYoQTYCdWHTvlbGVgwo,91
2211,Juice WRLD,Screw Juice,2XSO13Gyndo7MDdtYibIxO,84
2212,Juice WRLD,Can't Die,6DuHcOuuGWXNvF3uocsrBa,84
2213,Taylor Swift,hoax,6MWoRt97mnSTXZhu3ggi9C,82
2214,Juice WRLD,I Want It,6RsRMf9e4KUyo3MecGffNL,83
2215,Pop Smoke,Got It On Me,25zlnOAzbVoOzIeXSvQFf1,86
2216,DJ Khaled,GREECE (feat. Drake),35RJhm1pEovTBwnNR0zWad,87
2217,Eminem,Godzilla (feat. Juice WRLD),7FIWs0pqAYbP91WWM0vlTQ,88
2218,Lil Uzi Vert,Myron,56uXDJRCuoS7abX3SkzHKQ,83
2219,BLACKPINK,How You Like That,3vAn0qZzdyuHamcrpkfiX3,89
2220,Lil Mosey,Blueberry Faygo,22LAwLoDA5b4AaGSkg6bKW,88
2221,iann dior,Prospect (ft. Lil Baby),4Zjdzxx0dsavsr7Ehr8fGE,82
2222,Tyla Yaweh,Tommy Lee (feat. Post Malone),5QZKcQDp0tCcvMdyqEciBV,84
2223,Curtis Waters,Stunnin' (feat. Harm Franklin),2D0dj3hVkRQJCp63cxCPEx,87
2224,Lil Baby,Emotionally Scarred,7ge7BHazYbVKi8qyZUX1Bm,82
2225,Diplo,Heartless (feat. Morgan Wallen),3FU6urUVsgXa6RBuV2PdRk,81
2226,Justin Bieber,Intentions,364dI1bYnvamSnBJ8JcNzN,87
2227,YNW Melly,Suicidal (Remix) [feat. Juice WRLD],4S2uhQE8L9V6p7rj7SiauJ,83
2228,G Herbo,PTSD,3jT2LKH0RSbQ8jIUNFzXm5,82
2229,Sleepy Hallow,Deep End Freestyle,4zTPYAf5scZdp0LnwPPeWK,83
2230,The Weeknd,In Your Eyes,7szuecWAPwGoV1e5vGu8tl,91
2231,NLE Choppa,Shotta Flow 5,1orjH4IkSH9VrWmRCToKV8,81
2232,$uicideBoy$,"...And To Those I Love, Thanks For Sticking Around",41LhQUkElADQ5YUbpYv2D0,83
2233,Dua Lipa,Break My Heart,1raaNykBg1bDnWENUiglUA,88
2234,Morgan Wallen,More Than My Hometown,6FniJZn4agmDtPx1pKZQsa,79
2235,Jawsh 685,Savage Love (Laxed - Siren Beat),5T490vvoFNU6psep0NPmxs,88
2236,Lil Uzi Vert,P2,3kW4z2pIj5VY5fLjBrMRL5,82
2237,Megan Thee Stallion,Girls in the Hood,6WbTTAGKrQtCQvmc5BuYfh,80
2238,Conan Gray,Heather,4xqrdfXkTW4T0RauPLv3WA,84
2239,ROSALÍA,TKN (feat. Travis Scott),4w47S36wQGBhGg073q3nt7,92
2240,Megan Thee Stallion,Savage,55CHeLEfn5iJ0IIkgaa4si,86
2241,Bad Bunny,Yo Perreo Sola,0SqqAgdovOE24BzxIClpjw,89
2242,Anuel AA,Hasta Que Dios Diga,06s3QtMJVXw1AJX3UfvZG1,90
2243,Polo G,Go Stupid,4PklAHGXT5ityno3IA8SKd,79
2244,Noah Cyrus,July,6J2LdBN97cDWn0MLxYh9HB,84
2245,Bad Bunny,Safaera,2DEZmgHKAvm41k4J3R2E9Y,89
2246,Conan Gray,Maniac,6KfoDhO4XUWSbnyKjNp9c4,83
2247,Future,Solitaires (feat. Travis Scott),4kfeRwpq5KUaqTkgi4TbDF,82
2248,J. Cole,Lion King On Ice,1ZvBVbsaNqHEP6ymXaPGlj,80
2249,Kid Cudi,The Adventures of Moon Man & Slim Shady (with Eminem),38iBrrbbXyWaSPkmuDNgjZ,81
2250,Marshmello,Be Kind (with Halsey),3Z8FwOEN59mRMxDCtb8N0A,91
2251,Taylor Swift,mad woman,2QDyYdZyhlP2fp79KZX8Bi,84
2252,Juice WRLD,Man Of The Year,1uA914Md6wsy9NDryyBypH,84
2253,Juice WRLD,Fighting Demons,0jo6Nd4iJU0UFHqS0Xd4l4,84
2254,Juice WRLD,Tell Me U Luv Me (with Trippie Redd),7iIzwqG5UxPYwTYUUK4pzU,84
2255,Taylor Swift,epiphany,08fa9LFcFBTcilB3iq2e2A,83
2256,Jawsh 685,Savage Love (Laxed - Siren Beat),1xQ6trAsedVPCdbtDAmk0c,96
2257,Taylor Swift,peace,7MbT4I8qGntX4fMdqMQgke,83
2258,Future,Life Is Good (feat. Drake),5yY9lUy8nbvjM1Uyo1Uqoc,88
2259,6ix9ine,GOOBA,4NhDYoQTYCdWHTvlbGVgwo,91
2260,Juice WRLD,Screw Juice,2XSO13Gyndo7MDdtYibIxO,84
2261,Juice WRLD,Can't Die,6DuHcOuuGWXNvF3uocsrBa,84
2262,Taylor Swift,hoax,6MWoRt97mnSTXZhu3ggi9C,82
2263,Juice WRLD,I Want It,6RsRMf9e4KUyo3MecGffNL,83
2264,Pop Smoke,Got It On Me,25zlnOAzbVoOzIeXSvQFf1,86
2265,DJ Khaled,GREECE (feat. Drake),35RJhm1pEovTBwnNR0zWad,87
2266,Eminem,Godzilla (feat. Juice WRLD),7FIWs0pqAYbP91WWM0vlTQ,88
2267,Lil Uzi Vert,Myron,56uXDJRCuoS7abX3SkzHKQ,83
2268,BLACKPINK,How You Like That,3vAn0qZzdyuHamcrpkfiX3,89
2269,Lil Mosey,Blueberry Faygo,22LAwLoDA5b4AaGSkg6bKW,88
2270,iann dior,Prospect (ft. Lil Baby),4Zjdzxx0dsavsr7Ehr8fGE,82
2271,Tyla Yaweh,Tommy Lee (feat. Post Malone),5QZKcQDp0tCcvMdyqEciBV,84
2272,Curtis Waters,Stunnin' (feat. Harm Franklin),2D0dj3hVkRQJCp63cxCPEx,87
2273,Lil Baby,Emotionally Scarred,7ge7BHazYbVKi8qyZUX1Bm,82
2274,Diplo,Heartless (feat. Morgan Wallen),3FU6urUVsgXa6RBuV2PdRk,81
2275,Justin Bieber,Intentions,364dI1bYnvamSnBJ8JcNzN,87
2276,YNW Melly,Suicidal (Remix) [feat. Juice WRLD],4S2uhQE8L9V6p7rj7SiauJ,83
2277,G Herbo,PTSD,3jT2LKH0RSbQ8jIUNFzXm5,82
2278,Sleepy Hallow,Deep End Freestyle,4zTPYAf5scZdp0LnwPPeWK,83
2279,The Weeknd,In Your Eyes,7szuecWAPwGoV1e5vGu8tl,91
2280,NLE Choppa,Shotta Flow 5,1orjH4IkSH9VrWmRCToKV8,81
2281,$uicideBoy$,"...And To Those I Love, Thanks For Sticking Around",41LhQUkElADQ5YUbpYv2D0,83
2282,Dua Lipa,Break My Heart,1raaNykBg1bDnWENUiglUA,88
2283,Morgan Wallen,More Than My Hometown,6FniJZn4agmDtPx1pKZQsa,79
2284,Jawsh 685,Savage Love (Laxed - Siren Beat),5T490vvoFNU6psep0NPmxs,88
2285,Lil Uzi Vert,P2,3kW4z2pIj5VY5fLjBrMRL5,82
2286,Megan Thee Stallion,Girls in the Hood,6WbTTAGKrQtCQvmc5BuYfh,80
2287,Conan Gray,Heather,4xqrdfXkTW4T0RauPLv3WA,84
2288,ROSALÍA,TKN (feat. Travis Scott),4w47S36wQGBhGg073q3nt7,92
2289,Megan Thee Stallion,Savage,55CHeLEfn5iJ0IIkgaa4si,86
2290,Bad Bunny,Yo Perreo Sola,0SqqAgdovOE24BzxIClpjw,89
2291,Anuel AA,Hasta Que Dios Diga,06s3QtMJVXw1AJX3UfvZG1,90
2292,Polo G,Go Stupid,4PklAHGXT5ityno3IA8SKd,79
2293,Noah Cyrus,July,6J2LdBN97cDWn0MLxYh9HB,84
2294,Bad Bunny,Safaera,2DEZmgHKAvm41k4J3R2E9Y,89
2295,Conan Gray,Maniac,6KfoDhO4XUWSbnyKjNp9c4,83
2296,Future,Solitaires (feat. Travis Scott),4kfeRwpq5KUaqTkgi4TbDF,82
2297,J. Cole,Lion King On Ice,1ZvBVbsaNqHEP6ymXaPGlj,80
2298,Kid Cudi,The Adventures of Moon Man & Slim Shady (with Eminem),38iBrrbbXyWaSPkmuDNgjZ,81
2299,Justin Bieber,Intentions (feat. Quavo),4umIPjkehX1r7uhmGvXiSV,87
2300,Taylor Swift,mad woman,2QDyYdZyhlP2fp79KZX8Bi,84
2301,Juice WRLD,Man Of The Year,1uA914Md6wsy9NDryyBypH,84
2302,Juice WRLD,Fighting Demons,0jo6Nd4iJU0UFHqS0Xd4l4,84
2303,Juice WRLD,Tell Me U Luv Me (with Trippie Redd),7iIzwqG5UxPYwTYUUK4pzU,84
2304,Taylor Swift,epiphany,08fa9LFcFBTcilB3iq2e2A,83
2305,Jawsh 685,Savage Love (Laxed - Siren Beat),1xQ6trAsedVPCdbtDAmk0c,96
2306,Taylor Swift,peace,7MbT4I8qGntX4fMdqMQgke,83
2307,Future,Life Is Good (feat. Drake),5yY9lUy8nbvjM1Uyo1Uqoc,88
2308,6ix9ine,GOOBA,4NhDYoQTYCdWHTvlbGVgwo,91
2309,Juice WRLD,Screw Juice,2XSO13Gyndo7MDdtYibIxO,84
2310,Juice WRLD,Can't Die,6DuHcOuuGWXNvF3uocsrBa,84
2311,Taylor Swift,hoax,6MWoRt97mnSTXZhu3ggi9C,82
2312,Juice WRLD,I Want It,6RsRMf9e4KUyo3MecGffNL,83
2313,Pop Smoke,Got It On Me,25zlnOAzbVoOzIeXSvQFf1,86
2314,DJ Khaled,GREECE (feat. Drake),35RJhm1pEovTBwnNR0zWad,87
2315,Eminem,Godzilla (feat. Juice WRLD),7FIWs0pqAYbP91WWM0vlTQ,88
2316,Lil Uzi Vert,Myron,56uXDJRCuoS7abX3SkzHKQ,83
2317,BLACKPINK,How You Like That,3vAn0qZzdyuHamcrpkfiX3,89
2318,Lil Mosey,Blueberry Faygo,22LAwLoDA5b4AaGSkg6bKW,88
2319,iann dior,Prospect (ft. Lil Baby),4Zjdzxx0dsavsr7Ehr8fGE,82
2320,Tyla Yaweh,Tommy Lee (feat. Post Malone),5QZKcQDp0tCcvMdyqEciBV,84
2321,Curtis Waters,Stunnin' (feat. Harm Franklin),2D0dj3hVkRQJCp63cxCPEx,87
2322,Lil Baby,Emotionally Scarred,7ge7BHazYbVKi8qyZUX1Bm,82
2323,Diplo,Heartless (feat. Morgan Wallen),3FU6urUVsgXa6RBuV2PdRk,81
2324,Justin Bieber,Intentions,364dI1bYnvamSnBJ8JcNzN,87
2325,YNW Melly,Suicidal (Remix) [feat. Juice WRLD],4S2uhQE8L9V6p7rj7SiauJ,83
2326,G Herbo,PTSD,3jT2LKH0RSbQ8jIUNFzXm5,82
2327,Sleepy Hallow,Deep End Freestyle,4zTPYAf5scZdp0LnwPPeWK,83
2328,The Weeknd,In Your Eyes,7szuecWAPwGoV1e5vGu8tl,91
2329,NLE Choppa,Shotta Flow 5,1orjH4IkSH9VrWmRCToKV8,81
2330,$uicideBoy$,"...And To Those I Love, Thanks For Sticking Around",41LhQUkElADQ5YUbpYv2D0,83
2331,Dua Lipa,Break My Heart,1raaNykBg1bDnWENUiglUA,88
2332,Morgan Wallen,More Than My Hometown,6FniJZn4agmDtPx1pKZQsa,79
2333,Jawsh 685,Savage Love (Laxed - Siren Beat),5T490vvoFNU6psep0NPmxs,88
2334,Lil Uzi Vert,P2,3kW4z2pIj5VY5fLjBrMRL5,82
2335,Megan Thee Stallion,Girls in the Hood,6WbTTAGKrQtCQvmc5BuYfh,80
2336,Conan Gray,Heather,4xqrdfXkTW4T0RauPLv3WA,84
2337,ROSALÍA,TKN (feat. Travis Scott),4w47S36wQGBhGg073q3nt7,92
2338,Megan Thee Stallion,Savage,55CHeLEfn5iJ0IIkgaa4si,86
2339,Bad Bunny,Yo Perreo Sola,0SqqAgdovOE24BzxIClpjw,89
2340,Anuel AA,Hasta Que Dios Diga,06s3QtMJVXw1AJX3UfvZG1,90
2341,Polo G,Go Stupid,4PklAHGXT5ityno3IA8SKd,79
2342,Noah Cyrus,July,6J2LdBN97cDWn0MLxYh9HB,84
2343,Bad Bunny,Safaera,2DEZmgHKAvm41k4J3R2E9Y,89
2344,Conan Gray,Maniac,6KfoDhO4XUWSbnyKjNp9c4,83
2345,Future,Solitaires (feat. Travis Scott),4kfeRwpq5KUaqTkgi4TbDF,82
2346,J. Cole,Lion King On Ice,1ZvBVbsaNqHEP6ymXaPGlj,80
2347,Kid Cudi,The Adventures of Moon Man & Slim Shady (with Eminem),38iBrrbbXyWaSPkmuDNgjZ,81
2348,Justin Bieber,Intentions (feat. Quavo),4umIPjkehX1r7uhmGvXiSV,87
2349,J. Cole,The Climb Back,0FlfN5cbUUpIHCRH8X1M44,80
2350,Juice WRLD,Man Of The Year,1uA914Md6wsy9NDryyBypH,84
2351,Juice WRLD,Fighting Demons,0jo6Nd4iJU0UFHqS0Xd4l4,84
2352,Juice WRLD,Tell Me U Luv Me (with Trippie Redd),7iIzwqG5UxPYwTYUUK4pzU,84
2353,Taylor Swift,epiphany,08fa9LFcFBTcilB3iq2e2A,83
2354,Jawsh 685,Savage Love (Laxed - Siren Beat),1xQ6trAsedVPCdbtDAmk0c,96
2355,Taylor Swift,peace,7MbT4I8qGntX4fMdqMQgke,83
2356,Future,Life Is Good (feat. Drake),5yY9lUy8nbvjM1Uyo1Uqoc,88
2357,6ix9ine,GOOBA,4NhDYoQTYCdWHTvlbGVgwo,91
2358,Juice WRLD,Screw Juice,2XSO13Gyndo7MDdtYibIxO,84
2359,Juice WRLD,Can't Die,6DuHcOuuGWXNvF3uocsrBa,84
2360,Taylor Swift,hoax,6MWoRt97mnSTXZhu3ggi9C,82
2361,Juice WRLD,I Want It,6RsRMf9e4KUyo3MecGffNL,83
2362,Pop Smoke,Got It On Me,25zlnOAzbVoOzIeXSvQFf1,86
2363,DJ Khaled,GREECE (feat. Drake),35RJhm1pEovTBwnNR0zWad,87
2364,Eminem,Godzilla (feat. Juice WRLD),7FIWs0pqAYbP91WWM0vlTQ,88
2365,Lil Uzi Vert,Myron,56uXDJRCuoS7abX3SkzHKQ,83
2366,BLACKPINK,How You Like That,3vAn0qZzdyuHamcrpkfiX3,89
2367,Lil Mosey,Blueberry Faygo,22LAwLoDA5b4AaGSkg6bKW,88
2368,iann dior,Prospect (ft. Lil Baby),4Zjdzxx0dsavsr7Ehr8fGE,82
2369,Tyla Yaweh,Tommy Lee (feat. Post Malone),5QZKcQDp0tCcvMdyqEciBV,84
2370,Curtis Waters,Stunnin' (feat. Harm Franklin),2D0dj3hVkRQJCp63cxCPEx,87
2371,Lil Baby,Emotionally Scarred,7ge7BHazYbVKi8qyZUX1Bm,82
2372,Diplo,Heartless (feat. Morgan Wallen),3FU6urUVsgXa6RBuV2PdRk,81
2373,Justin Bieber,Intentions,364dI1bYnvamSnBJ8JcNzN,87
2374,YNW Melly,Suicidal (Remix) [feat. Juice WRLD],4S2uhQE8L9V6p7rj7SiauJ,83
2375,G Herbo,PTSD,3jT2LKH0RSbQ8jIUNFzXm5,82
2376,Sleepy Hallow,Deep End Freestyle,4zTPYAf5scZdp0LnwPPeWK,83
2377,The Weeknd,In Your Eyes,7szuecWAPwGoV1e5vGu8tl,91
2378,NLE Choppa,Shotta Flow 5,1orjH4IkSH9VrWmRCToKV8,81
2379,$uicideBoy$,"...And To Those I Love, Thanks For Sticking Around",41LhQUkElADQ5YUbpYv2D0,83
2380,Dua Lipa,Break My Heart,1raaNykBg1bDnWENUiglUA,88
2381,Morgan Wallen,More Than My Hometown,6FniJZn4agmDtPx1pKZQsa,79
2382,Jawsh 685,Savage Love (Laxed - Siren Beat),5T490vvoFNU6psep0NPmxs,88
2383,Lil Uzi Vert,P2,3kW4z2pIj5VY5fLjBrMRL5,82
2384,Megan Thee Stallion,Girls in the Hood,6WbTTAGKrQtCQvmc5BuYfh,80
2385,Conan Gray,Heather,4xqrdfXkTW4T0RauPLv3WA,84
2386,ROSALÍA,TKN (feat. Travis Scott),4w47S36wQGBhGg073q3nt7,92
2387,Megan Thee Stallion,Savage,55CHeLEfn5iJ0IIkgaa4si,86
2388,Bad Bunny,Yo Perreo Sola,0SqqAgdovOE24BzxIClpjw,89
2389,Anuel AA,Hasta Que Dios Diga,06s3QtMJVXw1AJX3UfvZG1,90
2390,Polo G,Go Stupid,4PklAHGXT5ityno3IA8SKd,79
2391,Noah Cyrus,July,6J2LdBN97cDWn0MLxYh9HB,84
2392,Bad Bunny,Safaera,2DEZmgHKAvm41k4J3R2E9Y,89
2393,Conan Gray,Maniac,6KfoDhO4XUWSbnyKjNp9c4,83
2394,Future,Solitaires (feat. Travis Scott),4kfeRwpq5KUaqTkgi4TbDF,82
2395,J. Cole,Lion King On Ice,1ZvBVbsaNqHEP6ymXaPGlj,80
2396,Kid Cudi,The Adventures of Moon Man & Slim Shady (with Eminem),38iBrrbbXyWaSPkmuDNgjZ,81
2397,Justin Bieber,Intentions (feat. Quavo),4umIPjkehX1r7uhmGvXiSV,87
2398,J. Cole,The Climb Back,0FlfN5cbUUpIHCRH8X1M44,80
2399,Kane Brown,Be Like That - feat. Swae Lee & Khalid,5f1joOtoMeyppIcJGZQvqJ,82
2400,Juice WRLD,Fighting Demons,0jo6Nd4iJU0UFHqS0Xd4l4,84
2401,Juice WRLD,Tell Me U Luv Me (with Trippie Redd),7iIzwqG5UxPYwTYUUK4pzU,84
2402,Taylor Swift,epiphany,08fa9LFcFBTcilB3iq2e2A,83
2403,Jawsh 685,Savage Love (Laxed - Siren Beat),1xQ6trAsedVPCdbtDAmk0c,96
2404,Taylor Swift,peace,7MbT4I8qGntX4fMdqMQgke,83
2405,Future,Life Is Good (feat. Drake),5yY9lUy8nbvjM1Uyo1Uqoc,88
2406,6ix9ine,GOOBA,4NhDYoQTYCdWHTvlbGVgwo,91
2407,Juice WRLD,Screw Juice,2XSO13Gyndo7MDdtYibIxO,84
2408,Juice WRLD,Can't Die,6DuHcOuuGWXNvF3uocsrBa,84
2409,Taylor Swift,hoax,6MWoRt97mnSTXZhu3ggi9C,82
2410,Juice WRLD,I Want It,6RsRMf9e4KUyo3MecGffNL,83
2411,Pop Smoke,Got It On Me,25zlnOAzbVoOzIeXSvQFf1,86
2412,DJ Khaled,GREECE (feat. Drake),35RJhm1pEovTBwnNR0zWad,87
2413,Eminem,Godzilla (feat. Juice WRLD),7FIWs0pqAYbP91WWM0vlTQ,88
2414,Lil Uzi Vert,Myron,56uXDJRCuoS7abX3SkzHKQ,83
2415,BLACKPINK,How You Like That,3vAn0qZzdyuHamcrpkfiX3,89
2416,Lil Mosey,Blueberry Faygo,22LAwLoDA5b4AaGSkg6bKW,88
2417,iann dior,Prospect (ft. Lil Baby),4Zjdzxx0dsavsr7Ehr8fGE,82
2418,Tyla Yaweh,Tommy Lee (feat. Post Malone),5QZKcQDp0tCcvMdyqEciBV,84
2419,Curtis Waters,Stunnin' (feat. Harm Franklin),2D0dj3hVkRQJCp63cxCPEx,87
2420,Lil Baby,Emotionally Scarred,7ge7BHazYbVKi8qyZUX1Bm,82
2421,Diplo,Heartless (feat. Morgan Wallen),3FU6urUVsgXa6RBuV2PdRk,81
2422,Justin Bieber,Intentions,364dI1bYnvamSnBJ8JcNzN,87
2423,YNW Melly,Suicidal (Remix) [feat. Juice WRLD],4S2uhQE8L9V6p7rj7SiauJ,83
2424,G Herbo,PTSD,3jT2LKH0RSbQ8jIUNFzXm5,82
2425,Sleepy Hallow,Deep End Freestyle,4zTPYAf5scZdp0LnwPPeWK,83
2426,The Weeknd,In Your Eyes,7szuecWAPwGoV1e5vGu8tl,91
2427,NLE Choppa,Shotta Flow 5,1orjH4IkSH9VrWmRCToKV8,81
2428,$uicideBoy$,"...And To Those I Love, Thanks For Sticking Around",41LhQUkElADQ5YUbpYv2D0,83
2429,Dua Lipa,Break My Heart,1raaNykBg1bDnWENUiglUA,88
2430,Morgan Wallen,More Than My Hometown,6FniJZn4agmDtPx1pKZQsa,79
2431,Jawsh 685,Savage Love (Laxed - Siren Beat),5T490vvoFNU6psep0NPmxs,88
2432,Lil Uzi Vert,P2,3kW4z2pIj5VY5fLjBrMRL5,82
2433,Megan Thee Stallion,Girls in the Hood,6WbTTAGKrQtCQvmc5BuYfh,80
2434,Conan Gray,Heather,4xqrdfXkTW4T0RauPLv3WA,84
2435,ROSALÍA,TKN (feat. Travis Scott),4w47S36wQGBhGg073q3nt7,92
2436,Megan Thee Stallion,Savage,55CHeLEfn5iJ0IIkgaa4si,86
2437,Bad Bunny,Yo Perreo Sola,0SqqAgdovOE24BzxIClpjw,89
2438,Anuel AA,Hasta Que Dios Diga,06s3QtMJVXw1AJX3UfvZG1,90
2439,Polo G,Go Stupid,4PklAHGXT5ityno3IA8SKd,79
2440,Noah Cyrus,July,6J2LdBN97cDWn0MLxYh9HB,84
2441,Bad Bunny,Safaera,2DEZmgHKAvm41k4J3R2E9Y,89
2442,Conan Gray,Maniac,6KfoDhO4XUWSbnyKjNp9c4,83
2443,Future,Solitaires (feat. Travis Scott),4kfeRwpq5KUaqTkgi4TbDF,82
2444,J. Cole,Lion King On Ice,1ZvBVbsaNqHEP6ymXaPGlj,80
2445,Kid Cudi,The Adventures of Moon Man & Slim Shady (with Eminem),38iBrrbbXyWaSPkmuDNgjZ,81
2446,Justin Bieber,Intentions (feat. Quavo),4umIPjkehX1r7uhmGvXiSV,87
2447,J. Cole,The Climb Back,0FlfN5cbUUpIHCRH8X1M44,80
2448,Kane Brown,Be Like That - feat. Swae Lee & Khalid,5f1joOtoMeyppIcJGZQvqJ,82
2449,Polo G,Be Something (feat. Lil Baby),65jw6GhwQW3Db55PxlPEpS,80
2450,Juice WRLD,Tell Me U Luv Me (with Trippie Redd),7iIzwqG5UxPYwTYUUK4pzU,84
2451,Taylor Swift,epiphany,08fa9LFcFBTcilB3iq2e2A,83
2452,Jawsh 685,Savage Love (Laxed - Siren Beat),1xQ6trAsedVPCdbtDAmk0c,96
2453,Taylor Swift,peace,7MbT4I8qGntX4fMdqMQgke,83
2454,Future,Life Is Good (feat. Drake),5yY9lUy8nbvjM1Uyo1Uqoc,88
2455,6ix9ine,GOOBA,4NhDYoQTYCdWHTvlbGVgwo,91
2456,Juice WRLD,Screw Juice,2XSO13Gyndo7MDdtYibIxO,84
2457,Juice WRLD,Can't Die,6DuHcOuuGWXNvF3uocsrBa,84
2458,Taylor Swift,hoax,6MWoRt97mnSTXZhu3ggi9C,82
2459,Juice WRLD,I Want It,6RsRMf9e4KUyo3MecGffNL,83
2460,Pop Smoke,Got It On Me,25zlnOAzbVoOzIeXSvQFf1,86
2461,DJ Khaled,GREECE (feat. Drake),35RJhm1pEovTBwnNR0zWad,87
2462,Eminem,Godzilla (feat. Juice WRLD),7FIWs0pqAYbP91WWM0vlTQ,88
2463,Lil Uzi Vert,Myron,56uXDJRCuoS7abX3SkzHKQ,83
2464,BLACKPINK,How You Like That,3vAn0qZzdyuHamcrpkfiX3,89
2465,Lil Mosey,Blueberry Faygo,22LAwLoDA5b4AaGSkg6bKW,88
2466,iann dior,Prospect (ft. Lil Baby),4Zjdzxx0dsavsr7Ehr8fGE,82
2467,Tyla Yaweh,Tommy Lee (feat. Post Malone),5QZKcQDp0tCcvMdyqEciBV,84
2468,Curtis Waters,Stunnin' (feat. Harm Franklin),2D0dj3hVkRQJCp63cxCPEx,87
2469,Lil Baby,Emotionally Scarred,7ge7BHazYbVKi8qyZUX1Bm,82
2470,Diplo,Heartless (feat. Morgan Wallen),3FU6urUVsgXa6RBuV2PdRk,81
2471,Justin Bieber,Intentions,364dI1bYnvamSnBJ8JcNzN,87
2472,YNW Melly,Suicidal (Remix) [feat. Juice WRLD],4S2uhQE8L9V6p7rj7SiauJ,83
2473,G Herbo,PTSD,3jT2LKH0RSbQ8jIUNFzXm5,82
2474,Sleepy Hallow,Deep End Freestyle,4zTPYAf5scZdp0LnwPPeWK,83
2475,The Weeknd,In Your Eyes,7szuecWAPwGoV1e5vGu8tl,91
2476,NLE Choppa,Shotta Flow 5,1orjH4IkSH9VrWmRCToKV8,81
2477,$uicideBoy$,"...And To Those I Love, Thanks For Sticking Around",41LhQUkElADQ5YUbpYv2D0,83
2478,Dua Lipa,Break My Heart,1raaNykBg1bDnWENUiglUA,88
2479,Morgan Wallen,More Than My Hometown,6FniJZn4agmDtPx1pKZQsa,79
2480,Jawsh 685,Savage Love (Laxed - Siren Beat),5T490vvoFNU6psep0NPmxs,88
2481,Lil Uzi Vert,P2,3kW4z2pIj5VY5fLjBrMRL5,82
2482,Megan Thee Stallion,Girls in the Hood,6WbTTAGKrQtCQvmc5BuYfh,80
2483,Conan Gray,Heather,4xqrdfXkTW4T0RauPLv3WA,84
2484,ROSALÍA,TKN (feat. Travis Scott),4w47S36wQGBhGg073q3nt7,92
2485,Megan Thee Stallion,Savage,55CHeLEfn5iJ0IIkgaa4si,86
2486,Bad Bunny,Yo Perreo Sola,0SqqAgdovOE24BzxIClpjw,89
2487,Anuel AA,Hasta Que Dios Diga,06s3QtMJVXw1AJX3UfvZG1,90
2488,Polo G,Go Stupid,4PklAHGXT5ityno3IA8SKd,79
2489,Noah Cyrus,July,6J2LdBN97cDWn0MLxYh9HB,84
2490,Bad Bunny,Safaera,2DEZmgHKAvm41k4J3R2E9Y,89
2491,Conan Gray,Maniac,6KfoDhO4XUWSbnyKjNp9c4,83
2492,Future,Solitaires (feat. Travis Scott),4kfeRwpq5KUaqTkgi4TbDF,82
2493,J. Cole,Lion King On Ice,1ZvBVbsaNqHEP6ymXaPGlj,80
2494,Kid Cudi,The Adventures of Moon Man & Slim Shady (with Eminem),38iBrrbbXyWaSPkmuDNgjZ,81
2495,Justin Bieber,Intentions (feat. Quavo),4umIPjkehX1r7uhmGvXiSV,87
2496,J. Cole,The Climb Back,0FlfN5cbUUpIHCRH8X1M44,80
2497,Kane Brown,Be Like That - feat. Swae Lee & Khalid,5f1joOtoMeyppIcJGZQvqJ,82
2498,Polo G,Be Something (feat. Lil Baby),65jw6GhwQW3Db55PxlPEpS,80
2499,Tory Lanez,Broke In A Minute,4xqIYGwwZTEem9U8A42SPF,80
